,3 Mo,1 Yr,2 Yr,3 Yr,5 Yr,7 Yr,10 Yr,20 Yr,30 Yr
1/31/1921,4.83,4.8367,4.8667,4.8967,4.9567,5.01,5.09,,
2/28/1921,4.83,4.8349,4.8568,4.8787,4.9226,4.9615,5.02,,
3/31/1921,4.83,4.8333,4.8483,4.8633,4.8933,4.92,4.96,,
4/30/1921,4.83,4.8315,4.8385,4.8454,4.8592,4.8715,4.89,,
5/31/1921,4.83,4.83,4.83,4.83,4.83,4.83,4.83,,
6/30/1921,4.83,4.8282,4.8201,4.8121,4.7959,4.7815,4.76,,
7/31/1921,4.83,4.8267,4.8117,4.7967,4.7667,4.74,4.7,,
8/31/1921,4.83,4.8249,4.8018,4.7787,4.7326,4.6915,4.63,,
9/30/1921,4.83,4.8231,4.7919,4.7608,4.6985,4.6431,4.56,,
10/31/1921,4.83,4.8215,4.7835,4.7454,4.6692,4.6015,4.5,,
11/30/1921,4.83,4.8197,4.7736,4.7274,4.6351,4.5531,4.43,,
12/31/1921,4.83,4.8182,4.7651,4.7121,4.6059,4.5115,4.37,,
1/31/1922,3.47,3.4913,3.5871,3.6828,3.8744,4.0446,4.3,,
2/28/1922,3.47,3.4915,3.5885,3.6854,3.8792,4.0515,4.31,,
3/31/1922,3.47,3.4915,3.5885,3.6854,3.8792,4.0515,4.31,,
4/30/1922,3.47,3.4918,3.5899,3.6879,3.8841,4.0585,4.32,,
5/31/1922,3.47,3.4918,3.5899,3.6879,3.8841,4.0585,4.32,,
6/30/1922,3.47,3.4921,3.5913,3.6905,3.889,4.0654,4.33,,
7/31/1922,3.47,3.4921,3.5913,3.6905,3.889,4.0654,4.33,,
8/31/1922,3.47,3.4923,3.5927,3.6931,3.8938,4.0723,4.34,,
9/30/1922,3.47,3.4923,3.5927,3.6931,3.8938,4.0723,4.34,,
10/31/1922,3.47,3.4926,3.5941,3.6956,3.8987,4.0792,4.35,,
11/30/1922,3.47,3.4926,3.5941,3.6956,3.8987,4.0792,4.35,,
12/31/1922,3.47,3.4928,3.5955,3.6982,3.9036,4.0862,4.36,,
1/31/1923,3.93,3.941,3.9906,4.0403,4.1395,4.2277,4.36,,
2/28/1923,3.93,3.9405,3.9878,4.0351,4.1297,4.2138,4.34,,
3/31/1923,3.93,3.9397,3.9836,4.0274,4.1151,4.1931,4.31,,
4/30/1923,3.93,3.9392,3.9808,4.0223,4.1054,4.1792,4.29,,
5/31/1923,3.93,3.9385,3.9765,4.0146,4.0908,4.1585,4.26,,
6/30/1923,3.93,3.9379,3.9737,4.0095,4.081,4.1446,4.24,,
7/31/1923,3.93,3.9372,3.9695,4.0018,4.0664,4.1238,4.21,,
8/31/1923,3.93,3.9367,3.9667,3.9967,4.0567,4.11,4.19,,
9/30/1923,3.93,3.9359,3.9624,3.989,4.0421,4.0892,4.16,,
10/31/1923,3.93,3.9354,3.9596,3.9838,4.0323,4.0754,4.14,,
11/30/1923,3.93,3.9346,3.9554,3.9762,4.0177,4.0546,4.11,,
12/31/1923,3.93,3.9341,3.9526,3.971,4.0079,4.0408,4.09,,
1/31/1924,2.77,2.8031,2.9519,3.1008,3.3985,3.6631,4.06,,
2/29/1924,2.77,2.8026,2.9491,3.0956,3.3887,3.6492,4.04,,
3/31/1924,2.77,2.8023,2.9477,3.0931,3.3838,3.6423,4.03,,
4/30/1924,2.77,2.8018,2.9449,3.0879,3.3741,3.6285,4.01,,
5/31/1924,2.77,2.8013,2.9421,3.0828,3.3644,3.6146,3.99,,
6/30/1924,2.77,2.801,2.9406,3.0803,3.3595,3.6077,3.98,,
7/31/1924,2.77,2.8005,2.9378,3.0751,3.3497,3.5938,3.96,,
8/31/1924,2.77,2.8,2.935,3.07,3.34,3.58,3.94,,
9/30/1924,2.77,2.7997,2.9336,3.0674,3.3351,3.5731,3.93,,
10/31/1924,2.77,2.7992,2.9308,3.0623,3.3254,3.5592,3.91,,
11/30/1924,2.77,2.7987,2.9279,3.0572,3.3156,3.5454,3.89,,
12/31/1924,2.77,2.7985,2.9265,3.0546,3.3108,3.5385,3.88,,
1/31/1925,3.03,3.0513,3.1471,3.2428,3.4344,3.6046,3.86,,
2/28/1925,3.03,3.051,3.1456,3.2403,3.4295,3.5977,3.85,,
3/31/1925,3.03,3.0505,3.1428,3.2351,3.4197,3.5838,3.83,,
4/30/1925,3.03,3.0503,3.1414,3.2326,3.4149,3.5769,3.82,,
5/31/1925,3.03,3.0497,3.1386,3.2274,3.4051,3.5631,3.8,,
6/30/1925,3.03,3.0495,3.1372,3.2249,3.4003,3.5562,3.79,,
7/31/1925,3.03,3.049,3.1344,3.2197,3.3905,3.5423,3.77,,
8/31/1925,3.03,3.0487,3.1329,3.2172,3.3856,3.5354,3.76,,
9/30/1925,3.03,3.0482,3.1301,3.2121,3.3759,3.5215,3.74,,
10/31/1925,3.03,3.0479,3.1287,3.2095,3.371,3.5146,3.73,,
11/30/1925,3.03,3.0474,3.1259,3.2044,3.3613,3.5008,3.71,,
12/31/1925,3.03,3.0472,3.1245,3.2018,3.3564,3.4938,3.7,,
1/31/1926,3.23,3.2415,3.2935,3.3454,3.4492,3.5415,3.68,,
2/28/1926,3.23,3.2408,3.2892,3.3377,3.4346,3.5208,3.65,,
3/31/1926,3.23,3.24,3.285,3.33,3.42,3.5,3.62,,
4/30/1926,3.23,3.2395,3.2822,3.3249,3.4103,3.4862,3.6,,
5/31/1926,3.23,3.2387,3.2779,3.3172,3.3956,3.4654,3.57,,
6/30/1926,3.23,3.2379,3.2737,3.3095,3.381,3.4446,3.54,,
7/31/1926,3.23,3.2372,3.2695,3.3018,3.3664,3.4238,3.51,,
8/31/1926,3.23,3.2364,3.2653,3.2941,3.3518,3.4031,3.48,,
9/30/1926,3.23,3.2356,3.261,3.2864,3.3372,3.3823,3.45,,
10/31/1926,3.23,3.2351,3.2582,3.2813,3.3274,3.3685,3.43,,
11/30/1926,3.23,3.2344,3.254,3.2736,3.3128,3.3477,3.4,,
12/31/1926,3.23,3.2336,3.2497,3.2659,3.2982,3.3269,3.37,,
1/31/1927,3.1,3.1062,3.1338,3.1615,3.2169,3.2662,3.34,,
2/28/1927,3.1,3.1062,3.1338,3.1615,3.2169,3.2662,3.34,,
3/31/1927,3.1,3.1062,3.1338,3.1615,3.2169,3.2662,3.34,,
4/30/1927,3.1,3.1062,3.1338,3.1615,3.2169,3.2662,3.34,,
5/31/1927,3.1,3.1062,3.1338,3.1615,3.2169,3.2662,3.34,,
6/30/1927,3.1,3.1062,3.1338,3.1615,3.2169,3.2662,3.34,,
7/31/1927,3.1,3.1062,3.1338,3.1615,3.2169,3.2662,3.34,,
8/31/1927,3.1,3.1059,3.1324,3.159,3.2121,3.2592,3.33,,
9/30/1927,3.1,3.1059,3.1324,3.159,3.2121,3.2592,3.33,,
10/31/1927,3.1,3.1059,3.1324,3.159,3.2121,3.2592,3.33,,
11/30/1927,3.1,3.1059,3.1324,3.159,3.2121,3.2592,3.33,,
12/31/1927,3.1,3.1059,3.1324,3.159,3.2121,3.2592,3.33,,
1/31/1928,3.97,3.9536,3.8797,3.8059,3.6582,3.5269,3.33,,
2/29/1928,3.97,3.9541,3.8826,3.811,3.6679,3.5408,3.35,,
3/31/1928,3.97,3.9549,3.8868,3.8187,3.6826,3.5615,3.38,,
4/30/1928,3.97,3.9554,3.8896,3.8238,3.6923,3.5754,3.4,,
5/31/1928,3.97,3.9559,3.8924,3.829,3.7021,3.5892,3.42,,
6/30/1928,3.97,3.9564,3.8953,3.8341,3.7118,3.6031,3.44,,
7/31/1928,3.97,3.9572,3.8995,3.8418,3.7264,3.6238,3.47,,
8/31/1928,3.97,3.9577,3.9023,3.8469,3.7362,3.6377,3.49,,
9/30/1928,3.97,3.9582,3.9051,3.8521,3.7459,3.6515,3.51,,
10/31/1928,3.97,3.9587,3.9079,3.8572,3.7556,3.6654,3.53,,
11/30/1928,3.97,3.9595,3.9122,3.8649,3.7703,3.6862,3.56,,
12/31/1928,3.97,3.96,3.915,3.87,3.78,3.7,3.58,,
1/31/1929,4.42,4.399,4.3044,4.2097,4.0205,3.8523,3.6,,
2/28/1929,4.42,4.3982,4.3001,4.2021,4.0059,3.8315,3.57,,
3/31/1929,4.42,4.3977,4.2973,4.1969,3.9962,3.8177,3.55,,
4/30/1929,4.42,4.3969,4.2931,4.1892,3.9815,3.7969,3.52,,
5/31/1929,4.42,4.3964,4.2903,4.1841,3.9718,3.7831,3.5,,
6/30/1929,4.42,4.3956,4.286,4.1764,3.9572,3.7623,3.47,,
7/31/1929,4.42,4.3951,4.2832,4.1713,3.9474,3.7485,3.45,,
8/31/1929,4.42,4.3944,4.279,4.1636,3.9328,3.7277,3.42,,
9/30/1929,4.42,4.3936,4.2747,4.1559,3.9182,3.7069,3.39,,
10/31/1929,4.42,4.3931,4.2719,4.1508,3.9085,3.6931,3.37,,
11/30/1929,4.42,4.3923,4.2677,4.1431,3.8938,3.6723,3.34,,
12/31/1929,4.42,4.3918,4.2649,4.1379,3.8841,3.6585,3.32,,
1/31/1930,2.23,2.2572,2.3795,2.5018,2.7464,2.9638,3.29,,
2/28/1930,2.23,2.2572,2.3795,2.5018,2.7464,2.9638,3.29,,
3/31/1930,2.23,2.2574,2.3809,2.5044,2.7513,2.9708,3.3,,
4/30/1930,2.23,2.2574,2.3809,2.5044,2.7513,2.9708,3.3,,
5/31/1930,2.23,2.2577,2.3823,2.5069,2.7562,2.9777,3.31,,
6/30/1930,2.23,2.2577,2.3823,2.5069,2.7562,2.9777,3.31,,
7/31/1930,2.23,2.2579,2.3837,2.5095,2.761,2.9846,3.32,,
8/31/1930,2.23,2.2579,2.3837,2.5095,2.761,2.9846,3.32,,
9/30/1930,2.23,2.2579,2.3837,2.5095,2.761,2.9846,3.32,,
10/31/1930,2.23,2.2582,2.3851,2.5121,2.7659,2.9915,3.33,,
11/30/1930,2.23,2.2582,2.3851,2.5121,2.7659,2.9915,3.33,,
12/31/1930,2.23,2.2585,2.3865,2.5146,2.7708,2.9985,3.34,,
1/31/1931,1.4,1.4497,1.6736,1.8974,2.3451,2.7431,3.34,,
2/28/1931,1.4,1.4505,1.6778,1.9051,2.3597,2.7638,3.37,,
3/31/1931,1.4,1.4513,1.6821,1.9128,2.3744,2.7846,3.4,,
4/30/1931,1.4,1.4521,1.6863,1.9205,2.389,2.8054,3.43,,
5/31/1931,1.4,1.4526,1.6891,1.9256,2.3987,2.8192,3.45,,
6/30/1931,1.4,1.4533,1.6933,1.9333,2.4133,2.84,3.48,,
7/31/1931,1.4,1.4541,1.6976,1.941,2.4279,2.8608,3.51,,
8/31/1931,1.4,1.4549,1.7018,1.9487,2.4426,2.8815,3.54,,
9/30/1931,1.4,1.4556,1.706,1.9564,2.4572,2.9023,3.57,,
10/31/1931,1.4,1.4564,1.7103,1.9641,2.4718,2.9231,3.6,,
11/30/1931,1.4,1.4569,1.7131,1.9692,2.4815,2.9369,3.62,,
12/31/1931,1.4,1.4577,1.7173,1.9769,2.4962,2.9577,3.65,,
1/31/1932,0.88,0.9518,1.2749,1.5979,2.2441,2.8185,3.68,,
2/29/1932,0.88,0.951,1.2706,1.5903,2.2295,2.7977,3.65,,
3/31/1932,0.88,0.9503,1.2664,1.5826,2.2149,2.7769,3.62,,
4/30/1932,0.88,0.9495,1.2622,1.5749,2.2003,2.7562,3.59,,
5/31/1932,0.88,0.9487,1.2579,1.5672,2.1856,2.7354,3.56,,
6/30/1932,0.88,0.9479,1.2537,1.5595,2.171,2.7146,3.53,,
7/31/1932,0.88,0.9472,1.2495,1.5518,2.1564,2.6938,3.5,,
8/31/1932,0.88,0.9462,1.2438,1.5415,2.1369,2.6662,3.46,,
9/30/1932,0.88,0.9454,1.2396,1.5338,2.1223,2.6454,3.43,,
10/31/1932,0.88,0.9446,1.2354,1.5262,2.1077,2.6246,3.4,,
11/30/1932,0.88,0.9438,1.2312,1.5185,2.0931,2.6038,3.37,,
12/31/1932,0.88,0.9431,1.2269,1.5108,2.0785,2.5831,3.34,,
1/31/1933,0.52,0.5915,0.9135,1.2354,1.8792,2.4515,3.31,,
2/28/1933,0.52,0.591,0.9106,1.2303,1.8695,2.4377,3.29,,
3/31/1933,0.52,0.5908,0.9092,1.2277,1.8646,2.4308,3.28,,
4/30/1933,0.52,0.5903,0.9064,1.2226,1.8549,2.4169,3.26,,
5/31/1933,0.52,0.59,0.905,1.22,1.85,2.41,3.25,,
6/30/1933,0.52,0.5895,0.9022,1.2149,1.8403,2.3962,3.23,,
7/31/1933,0.52,0.5892,0.9008,1.2123,1.8354,2.3892,3.22,,
8/31/1933,0.52,0.5887,0.8979,1.2072,1.8256,2.3754,3.2,,
9/30/1933,0.52,0.5882,0.8951,1.2021,1.8159,2.3615,3.18,,
10/31/1933,0.52,0.5879,0.8937,1.1995,1.811,2.3546,3.17,,
11/30/1933,0.52,0.5874,0.8909,1.1944,1.8013,2.3408,3.15,,
12/31/1933,0.52,0.5872,0.8895,1.1918,1.7964,2.3338,3.14,,
1/31/1934,0.26,0.3333,0.6633,0.9933,1.6533,2.24,3.12,,
2/28/1934,0.26,0.3326,0.6591,0.9856,1.6387,2.2192,3.09,,
3/31/1934,0.26,0.3321,0.6563,0.9805,1.629,2.2054,3.07,,
4/30/1934,0.26,0.3313,0.6521,0.9728,1.6144,2.1846,3.04,,
5/31/1934,0.26,0.3305,0.6478,0.9651,1.5997,2.1638,3.01,,
6/30/1934,0.26,0.3297,0.6436,0.9574,1.5851,2.1431,2.98,,
7/31/1934,0.26,0.3292,0.6408,0.9523,1.5754,2.1292,2.96,,
8/31/1934,0.26,0.3285,0.6365,0.9446,1.5608,2.1085,2.93,,
9/30/1934,0.26,0.3277,0.6323,0.9369,1.5462,2.0877,2.9,,
10/31/1934,0.26,0.3269,0.6281,0.9292,1.5315,2.0669,2.87,,
11/30/1934,0.26,0.3264,0.6253,0.9241,1.5218,2.0531,2.85,,
12/31/1934,0.26,0.3256,0.621,0.9164,1.5072,2.0323,2.82,,
1/31/1935,0.14,0.2079,0.5137,0.8195,1.431,1.9746,2.79,,
2/28/1935,0.14,0.2077,0.5123,0.8169,1.4262,1.9677,2.78,,
3/31/1935,0.14,0.2074,0.5109,0.8144,1.4213,1.9608,2.77,,
4/30/1935,0.14,0.2072,0.5095,0.8118,1.4164,1.9538,2.76,,
5/31/1935,0.14,0.2067,0.5067,0.8067,1.4067,1.94,2.74,,
6/30/1935,0.14,0.2064,0.5053,0.8041,1.4018,1.9331,2.73,,
7/31/1935,0.14,0.2062,0.5038,0.8015,1.3969,1.9262,2.72,,
8/31/1935,0.14,0.2059,0.5024,0.799,1.3921,1.9192,2.71,,
9/30/1935,0.14,0.2056,0.501,0.7964,1.3872,1.9123,2.7,,
10/31/1935,0.14,0.2054,0.4996,0.7938,1.3823,1.9054,2.69,,
11/30/1935,0.14,0.2049,0.4968,0.7887,1.3726,1.8915,2.67,,
12/31/1935,0.14,0.2046,0.4954,0.7862,1.3677,1.8846,2.66,,
1/31/1936,0.14,0.2044,0.494,0.7836,1.3628,1.8777,2.65,,
2/29/1936,0.14,0.2044,0.494,0.7836,1.3628,1.8777,2.65,,
3/31/1936,0.14,0.2046,0.4954,0.7862,1.3677,1.8846,2.66,,
4/30/1936,0.14,0.2046,0.4954,0.7862,1.3677,1.8846,2.66,,
5/31/1936,0.14,0.2046,0.4954,0.7862,1.3677,1.8846,2.66,,
6/30/1936,0.14,0.2046,0.4954,0.7862,1.3677,1.8846,2.66,,
7/31/1936,0.14,0.2049,0.4968,0.7887,1.3726,1.8915,2.67,,
8/31/1936,0.14,0.2049,0.4968,0.7887,1.3726,1.8915,2.67,,
9/30/1936,0.14,0.2049,0.4968,0.7887,1.3726,1.8915,2.67,,
10/31/1936,0.14,0.2049,0.4968,0.7887,1.3726,1.8915,2.67,,
11/30/1936,0.14,0.2051,0.4982,0.7913,1.3774,1.8985,2.68,,
12/31/1936,0.14,0.2051,0.4982,0.7913,1.3774,1.8985,2.68,,
1/31/1937,0.45,0.5072,0.7645,1.0218,1.5364,1.9938,2.68,,
2/28/1937,0.45,0.5069,0.7631,1.0192,1.5315,1.9869,2.67,,
3/31/1937,0.45,0.5067,0.7617,1.0167,1.5267,1.98,2.66,,
4/30/1937,0.45,0.5064,0.7603,1.0141,1.5218,1.9731,2.65,,
5/31/1937,0.45,0.5062,0.7588,1.0115,1.5169,1.9662,2.64,,
6/30/1937,0.45,0.5059,0.7574,1.009,1.5121,1.9592,2.63,,
7/31/1937,0.45,0.5056,0.756,1.0064,1.5072,1.9523,2.62,,
8/31/1937,0.45,0.5054,0.7546,1.0038,1.5023,1.9454,2.61,,
9/30/1937,0.45,0.5051,0.7532,1.0013,1.4974,1.9385,2.6,,
10/31/1937,0.45,0.5049,0.7518,0.9987,1.4926,1.9315,2.59,,
11/30/1937,0.45,0.5046,0.7504,0.9962,1.4877,1.9246,2.58,,
12/31/1937,0.45,0.5044,0.749,0.9936,1.4828,1.9177,2.57,,
1/31/1938,0.05,0.1144,0.404,0.6936,1.2728,1.7877,2.56,,
2/28/1938,0.05,0.1138,0.4012,0.6885,1.2631,1.7738,2.54,,
3/31/1938,0.05,0.1136,0.3997,0.6859,1.2582,1.7669,2.53,,
4/30/1938,0.05,0.1131,0.3969,0.6808,1.2485,1.7531,2.51,,
5/31/1938,0.05,0.1126,0.3941,0.6756,1.2387,1.7392,2.49,,
6/30/1938,0.05,0.1123,0.3927,0.6731,1.2338,1.7323,2.48,,
7/31/1938,0.05,0.1118,0.3899,0.6679,1.2241,1.7185,2.46,,
8/31/1938,0.05,0.1113,0.3871,0.6628,1.2144,1.7046,2.44,,
9/30/1938,0.05,0.111,0.3856,0.6603,1.2095,1.6977,2.43,,
10/31/1938,0.05,0.1105,0.3828,0.6551,1.1997,1.6838,2.41,,
11/30/1938,0.05,0.11,0.38,0.65,1.19,1.67,2.39,,
12/31/1938,0.05,0.1097,0.3786,0.6474,1.1851,1.6631,2.38,,
1/31/1939,0.02,0.08,0.35,0.62,1.16,1.64,2.36,,
2/28/1939,0.02,0.0797,0.3486,0.6174,1.1551,1.6331,2.35,,
3/31/1939,0.02,0.0795,0.3472,0.6149,1.1503,1.6262,2.34,,
4/30/1939,0.02,0.079,0.3444,0.6097,1.1405,1.6123,2.32,,
5/31/1939,0.02,0.0787,0.3429,0.6072,1.1356,1.6054,2.31,,
6/30/1939,0.02,0.0785,0.3415,0.6046,1.1308,1.5985,2.3,,
7/31/1939,0.02,0.0782,0.3401,0.6021,1.1259,1.5915,2.29,,
8/31/1939,0.02,0.0777,0.3373,0.5969,1.1162,1.5777,2.27,,
9/30/1939,0.02,0.0774,0.3359,0.5944,1.1113,1.5708,2.26,,
10/31/1939,0.02,0.0772,0.3345,0.5918,1.1064,1.5638,2.25,,
11/30/1939,0.02,0.0769,0.3331,0.5892,1.1015,1.5569,2.24,,
12/31/1939,0.02,0.0764,0.3303,0.5841,1.0918,1.5431,2.22,,
1/31/1940,0.01,0.0664,0.3203,0.5741,1.0818,1.5331,2.21,,
2/29/1940,0.01,0.0659,0.3174,0.569,1.0721,1.5192,2.19,,
3/31/1940,0.01,0.0654,0.3146,0.5638,1.0623,1.5054,2.17,,
4/30/1940,0.01,0.0649,0.3118,0.5587,1.0526,1.4915,2.15,,
5/31/1940,0.01,0.0641,0.3076,0.551,1.0379,1.4708,2.12,,
6/30/1940,0.01,0.0636,0.3047,0.5459,1.0282,1.4569,2.1,,
7/31/1940,0.01,0.0631,0.3019,0.5408,1.0185,1.4431,2.08,,
8/31/1940,0.01,0.0626,0.2991,0.5356,1.0087,1.4292,2.06,,
9/30/1940,0.01,0.0621,0.2963,0.5305,0.999,1.4154,2.04,,
10/31/1940,0.01,0.0615,0.2935,0.5254,0.9892,1.4015,2.02,,
11/30/1940,0.01,0.0608,0.2892,0.5177,0.9746,1.3808,1.99,,
12/31/1940,0.01,0.0603,0.2864,0.5126,0.9649,1.3669,1.97,,
1/31/1941,0.1,0.1474,0.3609,0.5744,1.0013,1.3808,1.95,,
2/28/1941,0.1,0.1485,0.3665,0.5846,1.0208,1.4085,1.99,,
3/31/1941,0.1,0.1497,0.3736,0.5974,1.0451,1.4431,2.04,,
4/30/1941,0.1,0.1508,0.3792,0.6077,1.0646,1.4708,2.08,,
5/31/1941,0.1,0.1518,0.3849,0.6179,1.0841,1.4985,2.12,,
6/30/1941,0.1,0.1528,0.3905,0.6282,1.1036,1.5262,2.16,,
7/31/1941,0.1,0.1541,0.3976,0.641,1.1279,1.5608,2.21,,
8/31/1941,0.1,0.1551,0.4032,0.6513,1.1474,1.5885,2.25,,
9/30/1941,0.1,0.1562,0.4088,0.6615,1.1669,1.6162,2.29,,
10/31/1941,0.1,0.1572,0.4145,0.6718,1.1864,1.6438,2.33,,
11/30/1941,0.1,0.1585,0.4215,0.6846,1.2108,1.6785,2.38,,
12/31/1941,0.1,0.1595,0.4272,0.6949,1.2303,1.7062,2.42,,
1/31/1942,0.33,0.3846,0.6304,0.8762,1.3677,1.8046,2.46,,
2/28/1942,0.33,0.3846,0.6304,0.8762,1.3677,1.8046,2.46,,
3/31/1942,0.33,0.3846,0.6304,0.8762,1.3677,1.8046,2.46,,
4/30/1942,0.33,0.3846,0.6304,0.8762,1.3677,1.8046,2.46,,
5/31/1942,0.33,0.3846,0.6304,0.8762,1.3677,1.8046,2.46,,
6/30/1942,0.33,0.3846,0.6304,0.8762,1.3677,1.8046,2.46,,
7/31/1942,0.33,0.3849,0.6318,0.8787,1.3726,1.8115,2.47,,
8/31/1942,0.33,0.3849,0.6318,0.8787,1.3726,1.8115,2.47,,
9/30/1942,0.33,0.3849,0.6318,0.8787,1.3726,1.8115,2.47,,
10/31/1942,0.33,0.3849,0.6318,0.8787,1.3726,1.8115,2.47,,
11/30/1942,0.33,0.3849,0.6318,0.8787,1.3726,1.8115,2.47,,
12/31/1942,0.33,0.3849,0.6318,0.8787,1.3726,1.8115,2.47,,
1/31/1943,0.37,0.4238,0.6662,0.9085,1.3931,1.8238,2.47,,
2/28/1943,0.37,0.4238,0.6662,0.9085,1.3931,1.8238,2.47,,
3/31/1943,0.37,0.4238,0.6662,0.9085,1.3931,1.8238,2.47,,
4/30/1943,0.37,0.4238,0.6662,0.9085,1.3931,1.8238,2.47,,
5/31/1943,0.37,0.4238,0.6662,0.9085,1.3931,1.8238,2.47,,
6/30/1943,0.37,0.4238,0.6662,0.9085,1.3931,1.8238,2.47,,
7/31/1943,0.37,0.4241,0.6676,0.911,1.3979,1.8308,2.48,,
8/31/1943,0.37,0.4241,0.6676,0.911,1.3979,1.8308,2.48,,
9/30/1943,0.37,0.4241,0.6676,0.911,1.3979,1.8308,2.48,,
10/31/1943,0.37,0.4241,0.6676,0.911,1.3979,1.8308,2.48,,
11/30/1943,0.37,0.4241,0.6676,0.911,1.3979,1.8308,2.48,,
12/31/1943,0.37,0.4241,0.6676,0.911,1.3979,1.8308,2.48,,
1/31/1944,0.38,0.4338,0.6762,0.9185,1.4031,1.8338,2.48,,
2/29/1944,0.38,0.4336,0.6747,0.9159,1.3982,1.8269,2.47,,
3/31/1944,0.38,0.4333,0.6733,0.9133,1.3933,1.82,2.46,,
4/30/1944,0.38,0.4331,0.6719,0.9108,1.3885,1.8131,2.45,,
5/31/1944,0.38,0.4328,0.6705,0.9082,1.3836,1.8062,2.44,,
6/30/1944,0.38,0.4326,0.6691,0.9056,1.3787,1.7992,2.43,,
7/31/1944,0.38,0.4326,0.6691,0.9056,1.3787,1.7992,2.43,,
8/31/1944,0.38,0.4323,0.6677,0.9031,1.3738,1.7923,2.42,,
9/30/1944,0.38,0.4321,0.6663,0.9005,1.369,1.7854,2.41,,
10/31/1944,0.38,0.4318,0.6649,0.8979,1.3641,1.7785,2.4,,
11/30/1944,0.38,0.4315,0.6635,0.8954,1.3592,1.7715,2.39,,
12/31/1944,0.38,0.4313,0.6621,0.8928,1.3544,1.7646,2.38,,
1/31/1945,0.38,0.431,0.6606,0.8903,1.3495,1.7577,2.37,,
2/28/1945,0.38,0.4308,0.6592,0.8877,1.3446,1.7508,2.36,,
3/31/1945,0.38,0.4303,0.6564,0.8826,1.3349,1.7369,2.34,,
4/30/1945,0.38,0.43,0.655,0.88,1.33,1.73,2.33,,
5/31/1945,0.38,0.4295,0.6522,0.8749,1.3203,1.7162,2.31,,
6/30/1945,0.38,0.4292,0.6508,0.8723,1.3154,1.7092,2.3,,
7/31/1945,0.38,0.4287,0.6479,0.8672,1.3056,1.6954,2.28,,
8/31/1945,0.38,0.4285,0.6465,0.8646,1.3008,1.6885,2.27,,
9/30/1945,0.38,0.4279,0.6437,0.8595,1.291,1.6746,2.25,,
10/31/1945,0.38,0.4277,0.6423,0.8569,1.2862,1.6677,2.24,,
11/30/1945,0.38,0.4272,0.6395,0.8518,1.2764,1.6538,2.22,,
12/31/1945,0.38,0.4269,0.6381,0.8492,1.2715,1.6469,2.21,,
1/31/1946,0.38,0.4264,0.6353,0.8441,1.2618,1.6331,2.19,,
2/28/1946,0.38,0.4267,0.6367,0.8467,1.2667,1.64,2.2,,
3/31/1946,0.38,0.4267,0.6367,0.8467,1.2667,1.64,2.2,,
4/30/1946,0.38,0.4269,0.6381,0.8492,1.2715,1.6469,2.21,,
5/31/1946,0.38,0.4269,0.6381,0.8492,1.2715,1.6469,2.21,,
6/30/1946,0.38,0.4272,0.6395,0.8518,1.2764,1.6538,2.22,,
7/31/1946,0.38,0.4272,0.6395,0.8518,1.2764,1.6538,2.22,,
8/31/1946,0.38,0.4274,0.6409,0.8544,1.2813,1.6608,2.23,,
9/30/1946,0.38,0.4274,0.6409,0.8544,1.2813,1.6608,2.23,,
10/31/1946,0.38,0.4277,0.6423,0.8569,1.2862,1.6677,2.24,,
11/30/1946,0.38,0.4277,0.6423,0.8569,1.2862,1.6677,2.24,,
12/31/1946,0.38,0.4279,0.6437,0.8595,1.291,1.6746,2.25,,
1/31/1947,0.59,0.6326,0.8241,1.0156,1.3987,1.7392,2.25,,
2/28/1947,0.59,0.6331,0.8269,1.0208,1.4085,1.7531,2.27,,
3/31/1947,0.59,0.6333,0.8283,1.0233,1.4133,1.76,2.28,,
4/30/1947,0.59,0.6338,0.8312,1.0285,1.4231,1.7738,2.3,,
5/31/1947,0.59,0.6341,0.8326,1.031,1.4279,1.7808,2.31,,
6/30/1947,0.59,0.6346,0.8354,1.0362,1.4377,1.7946,2.33,,
7/31/1947,0.59,0.6351,0.8382,1.0413,1.4474,1.8085,2.35,,
8/31/1947,0.59,0.6354,0.8396,1.0438,1.4523,1.8154,2.36,,
9/30/1947,0.59,0.6359,0.8424,1.049,1.4621,1.8292,2.38,,
10/31/1947,0.59,0.6362,0.8438,1.0515,1.4669,1.8362,2.39,,
11/30/1947,0.59,0.6367,0.8467,1.0567,1.4767,1.85,2.41,,
12/31/1947,0.59,0.6369,0.8481,1.0592,1.4815,1.8569,2.42,,
1/31/1948,1.04,1.0759,1.2374,1.399,1.7221,2.0092,2.44,,
2/29/1948,1.04,1.0756,1.236,1.3964,1.7172,2.0023,2.43,,
3/31/1948,1.04,1.0754,1.2346,1.3938,1.7123,1.9954,2.42,,
4/30/1948,1.04,1.0751,1.2332,1.3913,1.7074,1.9885,2.41,,
5/31/1948,1.04,1.0749,1.2318,1.3887,1.7026,1.9815,2.4,,
6/30/1948,1.04,1.0746,1.2304,1.3862,1.6977,1.9746,2.39,,
7/31/1948,1.04,1.0744,1.229,1.3836,1.6928,1.9677,2.38,,
8/31/1948,1.04,1.0738,1.2262,1.3785,1.6831,1.9538,2.36,,
9/30/1948,1.04,1.0736,1.2247,1.3759,1.6782,1.9469,2.35,,
10/31/1948,1.04,1.0733,1.2233,1.3733,1.6733,1.94,2.34,,
11/30/1948,1.04,1.0731,1.2219,1.3708,1.6685,1.9331,2.33,,
12/31/1948,1.04,1.0728,1.2205,1.3682,1.6636,1.9262,2.32,,
1/31/1949,1.1,1.131,1.2706,1.4103,1.6895,1.9377,2.31,,
2/28/1949,1.1,1.131,1.2706,1.4103,1.6895,1.9377,2.31,,
3/31/1949,1.1,1.131,1.2706,1.4103,1.6895,1.9377,2.31,,
4/30/1949,1.1,1.131,1.2706,1.4103,1.6895,1.9377,2.31,,
5/31/1949,1.1,1.131,1.2706,1.4103,1.6895,1.9377,2.31,,
6/30/1949,1.1,1.131,1.2706,1.4103,1.6895,1.9377,2.31,,
7/31/1949,1.1,1.1313,1.2721,1.4128,1.6944,1.9446,2.32,,
8/31/1949,1.1,1.1313,1.2721,1.4128,1.6944,1.9446,2.32,,
9/30/1949,1.1,1.1313,1.2721,1.4128,1.6944,1.9446,2.32,,
10/31/1949,1.1,1.1313,1.2721,1.4128,1.6944,1.9446,2.32,,
11/30/1949,1.1,1.1313,1.2721,1.4128,1.6944,1.9446,2.32,,
12/31/1949,1.1,1.1313,1.2721,1.4128,1.6944,1.9446,2.32,,
1/31/1950,1.22,1.2482,1.3751,1.5021,1.7559,1.9815,2.32,,
2/28/1950,1.22,1.2487,1.3779,1.5072,1.7656,1.9954,2.34,,
3/31/1950,1.22,1.2492,1.3808,1.5123,1.7754,2.0092,2.36,,
4/30/1950,1.22,1.2497,1.3836,1.5174,1.7851,2.0231,2.38,,
5/31/1950,1.22,1.2503,1.3864,1.5226,1.7949,2.0369,2.4,,
6/30/1950,1.22,1.2508,1.3892,1.5277,1.8046,2.0508,2.42,,
7/31/1950,1.22,1.2515,1.3935,1.5354,1.8192,2.0715,2.45,,
8/31/1950,1.22,1.2521,1.3963,1.5405,1.829,2.0854,2.47,,
9/30/1950,1.22,1.2526,1.3991,1.5456,1.8387,2.0992,2.49,,
10/31/1950,1.22,1.2531,1.4019,1.5508,1.8485,2.1131,2.51,,
11/30/1950,1.22,1.2536,1.4047,1.5559,1.8582,2.1269,2.53,,
12/31/1950,1.22,1.2541,1.4076,1.561,1.8679,2.1408,2.55,,
1/31/1951,1.55,1.5762,1.6938,1.8115,2.0469,2.2562,2.57,,
2/28/1951,1.55,1.5764,1.6953,1.8141,2.0518,2.2631,2.58,,
3/31/1951,1.55,1.5767,1.6967,1.8167,2.0567,2.27,2.59,,
4/30/1951,1.55,1.5769,1.6981,1.8192,2.0615,2.2769,2.6,,
5/31/1951,1.55,1.5772,1.6995,1.8218,2.0664,2.2838,2.61,,
6/30/1951,1.55,1.5774,1.7009,1.8244,2.0713,2.2908,2.62,,
7/31/1951,1.55,1.5777,1.7023,1.8269,2.0762,2.2977,2.63,,
8/31/1951,1.55,1.5777,1.7023,1.8269,2.0762,2.2977,2.63,,
9/30/1951,1.55,1.5779,1.7037,1.8295,2.081,2.3046,2.64,,
10/31/1951,1.55,1.5782,1.7051,1.8321,2.0859,2.3115,2.65,,
11/30/1951,1.55,1.5785,1.7065,1.8346,2.0908,2.3185,2.66,,
12/31/1951,1.55,1.5787,1.7079,1.8372,2.0956,2.3254,2.67,,
1/31/1952,1.77,1.7933,1.8983,2.0033,2.2133,2.4,2.68,,
2/29/1952,1.77,1.7936,1.8997,2.0059,2.2182,2.4069,2.69,,
3/31/1952,1.77,1.7941,1.9026,2.011,2.2279,2.4208,2.71,,
4/30/1952,1.77,1.7944,1.904,2.0136,2.2328,2.4277,2.72,,
5/31/1952,1.77,1.7946,1.9054,2.0162,2.2377,2.4346,2.73,,
6/30/1952,1.77,1.7949,1.9068,2.0187,2.2426,2.4415,2.74,,
7/31/1952,1.77,1.7954,1.9096,2.0238,2.2523,2.4554,2.76,,
8/31/1952,1.77,1.7956,1.911,2.0264,2.2572,2.4623,2.77,,
9/30/1952,1.77,1.7959,1.9124,2.029,2.2621,2.4692,2.78,,
10/31/1952,1.77,1.7962,1.9138,2.0315,2.2669,2.4762,2.79,,
11/30/1952,1.77,1.7967,1.9167,2.0367,2.2767,2.49,2.81,,
12/31/1952,1.77,1.7969,1.9181,2.0392,2.2815,2.4969,2.82,,
1/31/1953,1.93,1.9531,2.0569,2.1608,2.3685,2.5531,2.83,,
2/28/1953,1.93,1.9523,2.0527,2.1531,2.3538,2.5323,2.8,,
3/31/1953,1.93,1.9515,2.0485,2.1454,2.3392,2.5115,2.77,,
4/30/1953,1.93,1.9531,2.0569,2.1608,2.3685,2.5531,2.83,,
5/31/1953,1.93,1.9587,2.0879,2.2172,2.4756,2.7054,3.05,,
6/30/1953,1.93,1.9603,2.0964,2.2326,2.5049,2.7469,3.11,,
7/31/1953,1.93,1.9556,2.071,2.1864,2.4172,2.6223,2.93,,
8/31/1953,1.93,1.9562,2.0738,2.1915,2.4269,2.6362,2.95,,
9/30/1953,1.93,1.9541,2.0626,2.171,2.3879,2.5808,2.87,,
10/31/1953,1.93,1.9487,2.0329,2.1172,2.2856,2.4354,2.66,,
11/30/1953,1.93,1.9492,2.0358,2.1223,2.2954,2.4492,2.68,,
12/31/1953,1.93,1.9469,2.0231,2.0992,2.2515,2.3869,2.59,,
1/31/1954,0.95,0.9892,1.1658,1.3423,1.6954,2.0092,2.48,,
2/28/1954,0.95,0.989,1.1644,1.3397,1.6905,2.0023,2.47,,
3/31/1954,0.95,0.9864,1.1503,1.3141,1.6418,1.9331,2.37,,
4/30/1954,0.95,0.9844,1.139,1.2936,1.6028,1.8777,2.29,,
5/31/1954,0.95,0.9864,1.1503,1.3141,1.6418,1.9331,2.37,,
6/30/1954,0.95,0.9867,1.1517,1.3167,1.6467,1.94,2.38,,
7/31/1954,0.95,0.9846,1.1404,1.2962,1.6077,1.8846,2.3,,
8/31/1954,0.95,0.9862,1.1488,1.3115,1.6369,1.9262,2.36,,
9/30/1954,0.95,0.9867,1.1517,1.3167,1.6467,1.94,2.38,,
10/31/1954,0.95,0.9879,1.1587,1.3295,1.671,1.9746,2.43,,
11/30/1954,0.95,0.9892,1.1658,1.3423,1.6954,2.0092,2.48,,
12/31/1954,0.95,0.99,1.17,1.35,1.71,2.03,2.51,,
1/31/1955,1.75,1.7721,1.8713,1.9705,2.169,2.3454,2.61,,
2/28/1955,1.75,1.7731,1.8769,1.9808,2.1885,2.3731,2.65,,
3/31/1955,1.75,1.7738,1.8812,1.9885,2.2031,2.3938,2.68,,
4/30/1955,1.75,1.7756,1.891,2.0064,2.2372,2.4423,2.75,,
5/31/1955,1.75,1.7759,1.8924,2.009,2.2421,2.4492,2.76,,
6/30/1955,1.75,1.7764,1.8953,2.0141,2.2518,2.4631,2.78,,
7/31/1955,1.75,1.7795,1.9122,2.0449,2.3103,2.5462,2.9,,
8/31/1955,1.75,1.7813,1.9221,2.0628,2.3444,2.5946,2.97,,
9/30/1955,1.75,1.7813,1.9221,2.0628,2.3444,2.5946,2.97,,
10/31/1955,1.75,1.779,1.9094,2.0397,2.3005,2.5323,2.88,,
11/30/1955,1.75,1.7792,1.9108,2.0423,2.3054,2.5392,2.89,,
12/31/1955,1.75,1.781,1.9206,2.0603,2.3395,2.5877,2.96,,
1/31/1956,2.66,2.6662,2.6938,2.7215,2.7769,2.8262,2.9,,
2/29/1956,2.66,2.6646,2.6854,2.7062,2.7477,2.7846,2.84,,
3/31/1956,2.66,2.6677,2.7023,2.7369,2.8062,2.8677,2.96,,
4/30/1956,2.66,2.6733,2.7333,2.7933,2.9133,3.02,3.18,,
5/31/1956,2.66,2.6705,2.7178,2.7651,2.8597,2.9438,3.07,,
6/30/1956,2.66,2.6687,2.7079,2.7472,2.8256,2.8954,3,,
7/31/1956,2.66,2.6715,2.7235,2.7754,2.8792,2.9715,3.11,,
8/31/1956,2.66,2.6772,2.7545,2.8318,2.9864,3.1238,3.33,,
9/30/1956,2.66,2.6785,2.7615,2.8446,3.0108,3.1585,3.38,,
10/31/1956,2.66,2.6774,2.7559,2.8344,2.9913,3.1308,3.34,,
11/30/1956,2.66,2.6813,2.7771,2.8728,3.0644,3.2346,3.49,,
12/31/1956,2.66,2.6838,2.7912,2.8985,3.1131,3.3038,3.59,,
1/31/1957,3.27,3.2749,3.2968,3.3187,3.3626,3.4015,3.46,,
2/28/1957,3.27,3.2718,3.2799,3.2879,3.3041,3.3185,3.34,,
3/31/1957,3.27,3.2736,3.2897,3.3059,3.3382,3.3669,3.41,,
4/30/1957,3.27,3.2754,3.2996,3.3238,3.3723,3.4154,3.48,,
5/31/1957,3.27,3.2785,3.3165,3.3546,3.4308,3.4985,3.6,,
6/30/1957,3.27,3.2836,3.3447,3.4059,3.5282,3.6369,3.8,,
7/31/1957,3.27,3.2869,3.3631,3.4392,3.5915,3.7269,3.93,,
8/31/1957,3.27,3.2869,3.3631,3.4392,3.5915,3.7269,3.93,,
9/30/1957,3.27,3.2867,3.3617,3.4367,3.5867,3.72,3.92,,
10/31/1957,3.27,3.2879,3.3687,3.4495,3.611,3.7546,3.97,,
11/30/1957,3.27,3.2815,3.3335,3.3854,3.4892,3.5815,3.72,,
12/31/1957,3.27,3.2685,3.2615,3.2546,3.2408,3.2285,3.21,,
1/31/1958,1.84,1.8721,2.0163,2.1605,2.449,2.7054,3.09,,
2/28/1958,1.84,1.871,2.0106,2.1503,2.4295,2.6777,3.05,,
3/31/1958,1.84,1.8692,2.0008,2.1323,2.3954,2.6292,2.98,,
4/30/1958,1.84,1.8667,1.9867,2.1067,2.3467,2.56,2.88,,
5/31/1958,1.84,1.8677,1.9923,2.1169,2.3662,2.5877,2.92,,
6/30/1958,1.84,1.869,1.9994,2.1297,2.3905,2.6223,2.97,,
7/31/1958,1.84,1.8749,2.0318,2.1887,2.5026,2.7815,3.2,,
8/31/1958,1.84,1.8836,2.0797,2.2759,2.6682,3.0169,3.54,,
9/30/1958,1.84,1.8892,2.1108,2.3323,2.7754,3.1692,3.76,,
10/31/1958,1.84,1.8903,2.1164,2.3426,2.7949,3.1969,3.8,,
11/30/1958,1.84,1.8887,2.1079,2.3272,2.7656,3.1554,3.74,,
12/31/1958,1.84,1.8918,2.1249,2.3579,2.8241,3.2385,3.86,,
1/31/1959,3.41,3.4256,3.496,3.5664,3.7072,3.8323,4.02,,
2/28/1959,3.41,3.4241,3.4876,3.551,3.6779,3.7908,3.96,,
3/31/1959,3.41,3.4249,3.4918,3.5587,3.6926,3.8115,3.99,,
4/30/1959,3.41,3.4282,3.5101,3.5921,3.7559,3.9015,4.12,,
5/31/1959,3.41,3.4331,3.5369,3.6408,3.8485,4.0331,4.31,,
6/30/1959,3.41,3.4338,3.5412,3.6485,3.8631,4.0538,4.34,,
7/31/1959,3.41,3.4354,3.5496,3.6638,3.8923,4.0954,4.4,,
8/31/1959,3.41,3.4362,3.5538,3.6715,3.9069,4.1162,4.43,,
9/30/1959,3.41,3.4426,3.5891,3.7356,4.0287,4.2892,4.68,,
10/31/1959,3.41,3.4387,3.5679,3.6972,3.9556,4.1854,4.53,,
11/30/1959,3.41,3.4387,3.5679,3.6972,3.9556,4.1854,4.53,,
12/31/1959,3.41,3.4428,3.5905,3.7382,4.0336,4.2962,4.69,,
1/31/1960,2.93,2.9759,3.1824,3.389,3.8021,4.1692,4.72,,
2/29/1960,2.93,2.97,3.15,3.33,3.69,4.01,4.49,,
3/31/1960,2.93,2.9638,3.1162,3.2685,3.5731,3.8438,4.25,,
4/30/1960,2.93,2.9646,3.1204,3.2762,3.5877,3.8646,4.28,,
5/31/1960,2.93,2.9664,3.1303,3.2941,3.6218,3.9131,4.35,,
6/30/1960,2.93,2.9613,3.1021,3.2428,3.5244,3.7746,4.15,,
7/31/1960,2.93,2.9549,3.0668,3.1787,3.4026,3.6015,3.9,,
8/31/1960,2.93,2.9523,3.0527,3.1531,3.3538,3.5323,3.8,,
9/30/1960,2.93,2.9523,3.0527,3.1531,3.3538,3.5323,3.8,,
10/31/1960,2.93,2.9546,3.0654,3.1762,3.3977,3.5946,3.89,,
11/30/1960,2.93,2.9556,3.071,3.1864,3.4172,3.6223,3.93,,
12/31/1960,2.93,2.9533,3.0583,3.1633,3.3733,3.56,3.84,,
1/31/1961,2.38,2.4174,2.5859,2.7544,3.0913,3.3908,3.84,,
2/28/1961,2.38,2.4159,2.5774,2.739,3.0621,3.3492,3.78,,
3/31/1961,2.38,2.4149,2.5718,2.7287,3.0426,3.3215,3.74,,
4/30/1961,2.38,2.4159,2.5774,2.739,3.0621,3.3492,3.78,,
5/31/1961,2.38,2.4141,2.5676,2.721,3.0279,3.3008,3.71,,
6/30/1961,2.38,2.4185,2.5915,2.7646,3.1108,3.4185,3.88,,
7/31/1961,2.38,2.4195,2.5972,2.7749,3.1303,3.4462,3.92,,
8/31/1961,2.38,2.4226,2.6141,2.8056,3.1887,3.5292,4.04,,
9/30/1961,2.38,2.421,2.6056,2.7903,3.1595,3.4877,3.98,,
10/31/1961,2.38,2.4195,2.5972,2.7749,3.1303,3.4462,3.92,,
11/30/1961,2.38,2.42,2.6,2.78,3.14,3.46,3.94,,
12/31/1961,2.38,2.4231,2.6169,2.8108,3.1985,3.5431,4.06,,
1/31/1962,2.78,3.29,3.55,3.81,3.99,4.034,4.1,4.13,
2/28/1962,2.78,3.21,3.37,3.53,3.77,3.862,4,4.1,
3/30/1962,2.78,2.97,3.18,3.39,3.61,3.71,3.86,3.98,
4/30/1962,2.78,3.07,3.27,3.47,3.64,3.728,3.86,3.91,
5/31/1962,2.78,2.99,3.175,3.36,3.66,3.756,3.9,3.94,
6/29/1962,2.78,3.2,3.38,3.56,3.76,3.856,4,4.02,
7/31/1962,2.78,3.33,3.475,3.62,3.82,3.908,4.04,4.06,
8/31/1962,2.78,3.14,3.28,3.42,3.66,3.78,3.96,3.99,
9/28/1962,2.78,3.02,3.185,3.35,3.66,3.772,3.94,3.97,
10/31/1962,2.78,2.97,3.165,3.36,3.64,3.752,3.92,3.94,
11/30/1962,2.78,3.02,3.215,3.41,3.59,3.722,3.92,3.94,
12/31/1962,2.78,3.05,3.225,3.4,3.56,3.676,3.85,3.92,
1/31/1963,3.16,3.03,3.22,3.41,3.65,3.738,3.87,3.96,
2/28/1963,3.16,3.02,3.22,3.42,3.68,3.784,3.94,3.97,
3/29/1963,3.16,3.09,3.265,3.44,3.71,3.806,3.95,4,
4/30/1963,3.16,3.11,3.325,3.54,3.73,3.818,3.95,4.04,
5/31/1963,3.16,3.2,3.395,3.59,3.78,3.852,3.96,4.03,
6/28/1963,3.16,3.19,3.4,3.61,3.82,3.892,4,4.03,
7/31/1963,3.16,3.5,3.635,3.77,3.88,3.928,4,4.03,
8/30/1963,3.16,3.59,3.7,3.81,3.93,3.966,4.02,4.04,
9/30/1963,3.16,3.59,3.705,3.82,3.94,3.992,4.07,4.08,
10/31/1963,3.16,3.68,3.8,3.92,4.01,4.066,4.15,4.15,
11/29/1963,3.16,3.74,3.84,3.94,3.99,4.026,4.08,4.15,
12/31/1963,3.16,3.83,3.94,4.05,4.06,4.092,4.14,4.19,
1/31/1964,3.55,3.76,3.88,4,4.03,4.078,4.15,4.18,
2/28/1964,3.55,3.91,3.99,4.07,4.1,4.132,4.18,4.19,
3/31/1964,3.55,3.94,4.05,4.16,4.16,4.188,4.23,4.24,
4/30/1964,3.55,3.84,3.97,4.1,4.13,4.166,4.22,4.24,
5/28/1964,3.55,3.84,3.935,4.03,4.03,4.094,4.19,4.18,
6/30/1964,3.55,3.78,3.865,3.95,4.01,4.066,4.15,4.15,
7/31/1964,3.55,3.69,3.805,3.92,4.04,4.1,4.19,4.17,
8/31/1964,3.55,3.81,3.885,3.96,4.07,4.126,4.21,4.2,
9/30/1964,3.55,3.84,3.925,4.01,4.05,4.102,4.18,4.19,
10/30/1964,3.55,3.86,3.935,4.01,4.05,4.094,4.16,4.17,
11/30/1964,3.55,4.1,4.13,4.16,4.13,4.158,4.2,4.2,
12/31/1964,3.55,3.99,4.025,4.06,4.12,4.156,4.21,4.21,
1/29/1965,3.95,3.96,4,4.04,4.11,4.142,4.19,4.19,
2/26/1965,3.95,4.09,4.105,4.12,4.16,4.184,4.22,4.21,
3/31/1965,3.95,4.03,4.07,4.11,4.14,4.164,4.2,4.2,
4/30/1965,3.95,4.04,4.08,4.12,4.16,4.18,4.21,4.21,
5/28/1965,3.95,4.04,4.07,4.1,4.15,4.182,4.23,4.22,
6/30/1965,3.95,3.96,4.01,4.06,4.14,4.164,4.2,4.2,
7/30/1965,3.95,4.02,4.065,4.11,4.18,4.196,4.22,4.22,
8/31/1965,3.95,4.13,4.17,4.21,4.22,4.24,4.27,4.28,
9/30/1965,3.95,4.36,4.345,4.33,4.33,4.338,4.35,4.34,
10/29/1965,3.95,4.33,4.355,4.38,4.4,4.404,4.41,4.36,
11/30/1965,3.95,4.4,4.445,4.49,4.47,4.474,4.48,4.41,
12/31/1965,3.95,4.96,4.98,5,4.88,4.788,4.65,4.52,
1/31/1966,4.88,4.89,4.935,4.98,4.98,4.864,4.69,4.59,
2/28/1966,4.88,5.01,5.035,5.06,5.03,5.026,5.02,4.81,
3/31/1966,4.88,4.9,4.895,4.89,4.84,4.788,4.71,4.61,
4/29/1966,4.88,4.91,4.94,4.97,4.85,4.826,4.79,4.7,
5/31/1966,4.88,5.04,5.07,5.1,5,4.92,4.8,4.73,
6/30/1966,4.88,5.05,5.135,5.22,5.09,5.042,4.97,4.82,
7/29/1966,4.88,5.24,5.28,5.32,5.26,5.176,5.05,4.86,
8/31/1966,4.88,5.84,5.855,5.87,5.68,5.552,5.36,5.02,
9/30/1966,4.88,5.62,5.58,5.54,5.34,5.212,5.02,4.89,
10/31/1966,4.88,5.5,5.44,5.38,5.22,5.12,4.97,4.76,
11/30/1966,4.88,5.45,5.465,5.48,5.28,5.216,5.12,4.87,
12/30/1966,4.88,5,4.97,4.94,4.8,4.736,4.64,4.58,
1/31/1967,4.32,4.62,4.625,4.63,4.67,4.61,4.52,4.48,
2/28/1967,4.32,4.76,4.775,4.79,4.78,4.756,4.72,4.7,
3/31/1967,4.32,4.13,4.215,4.3,4.42,4.452,4.5,4.56,
4/28/1967,4.32,4.14,4.355,4.57,4.72,4.744,4.78,4.81,
5/31/1967,4.32,4.18,4.38,4.58,4.72,4.756,4.81,4.85,
6/30/1967,4.32,4.97,5.035,5.1,5.35,5.298,5.22,5.08,
7/31/1967,4.32,5.05,5.035,5.02,5.12,5.136,5.16,5.06,
8/31/1967,4.32,5.2,5.28,5.36,5.34,5.312,5.27,5.14,
9/29/1967,4.32,5.27,5.33,5.39,5.38,5.352,5.31,5.19,
10/31/1967,4.32,5.47,5.55,5.63,5.72,5.688,5.64,5.52,
11/30/1967,4.32,5.65,5.67,5.69,5.77,5.758,5.74,5.65,
12/29/1967,4.32,5.76,5.78,5.8,5.78,5.748,5.7,5.56,
1/31/1968,5.34,5.36,5.44,5.52,5.55,5.546,5.54,5.37,
2/29/1968,5.34,5.43,5.54,5.65,5.57,5.566,5.56,5.4,
3/29/1968,5.34,5.59,5.69,5.79,5.76,5.76,5.76,5.62,
4/30/1968,5.34,6,6,6,5.96,5.872,5.74,5.5,
5/31/1968,5.34,6.06,6,5.94,5.97,5.926,5.86,5.5,
6/28/1968,5.34,5.91,5.845,5.78,5.79,5.73,5.64,5.36,
7/31/1968,5.34,5.5,5.49,5.48,5.5,5.456,5.39,5.19,
8/30/1968,5.34,5.43,5.395,5.36,5.48,5.456,5.42,5.22,
9/30/1968,5.34,5.44,5.435,5.43,5.48,5.484,5.49,5.32,
10/31/1968,5.34,5.66,5.605,5.55,5.57,5.586,5.61,5.46,
11/29/1968,5.34,5.78,5.7,5.62,5.72,5.744,5.78,5.66,
12/31/1968,5.34,6.46,6.415,6.37,6.33,6.262,6.16,5.98,
1/31/1969,6.68,6.41,6.335,6.26,6.3,6.256,6.19,6.14,
2/28/1969,6.68,6.47,6.485,6.5,6.44,6.368,6.26,6.17,
3/28/1969,6.68,6.27,6.275,6.28,6.36,6.336,6.3,6.22,
4/30/1969,6.68,6.26,6.29,6.32,6.37,6.302,6.2,5.98,
5/29/1969,6.68,6.64,6.67,6.7,6.69,6.638,6.56,6.43,
6/30/1969,6.68,7.58,7.395,7.21,6.98,6.88,6.73,6.28,
7/31/1969,6.68,7.57,7.435,7.3,6.98,6.71,6.66,6.23,
8/29/1969,6.68,7.64,7.505,7.37,7.13,6.97,6.83,6.32,
9/30/1969,6.68,8.01,8.07,8.13,8.02,7.73,7.51,6.82,
10/31/1969,6.68,7.58,7.495,7.41,7.33,6.99,6.94,6.58,
11/28/1969,6.68,8.04,7.855,7.67,7.61,7.22,7.29,6.8,
12/31/1969,6.68,8.32,8.365,8.41,8.22,7.66,7.88,6.94,
1/30/1970,6.46,8.15,8.21,8.27,8.27,7.9,7.75,6.96,
2/27/1970,6.46,7.11,7.19,7.27,7.31,7.1,6.9,6.55,
3/31/1970,6.46,6.9,7.015,7.13,7.24,7.16,7.08,6.68,
4/30/1970,6.46,7.72,7.805,7.89,7.95,7.93,7.82,7.07,
5/29/1970,6.46,7.65,7.745,7.84,7.83,7.82,7.95,7.46,
6/30/1970,6.46,7.4,7.585,7.77,7.77,7.76,7.68,7.11,
7/31/1970,6.46,7,7.255,7.51,7.58,7.57,7.38,6.91,
8/31/1970,6.46,6.84,7.1,7.36,7.45,7.51,7.49,7,
9/30/1970,6.46,6.58,6.775,6.97,7.18,7.32,7.29,6.81,
10/30/1970,6.46,6.29,6.57,6.85,7.04,7.22,7.33,6.9,
11/30/1970,6.46,5.06,5.39,5.72,5.99,6.38,6.49,6.39,
12/31/1970,6.46,4.94,5.39,5.84,5.98,6.25,6.5,6.45,
1/29/1971,4.35,4.23,4.785,5.34,5.78,6.07,6.09,6.07,
2/26/1971,4.35,3.69,4.265,4.84,5.36,5.78,6.14,6.24,
3/31/1971,4.35,3.92,4.24,4.56,5.06,5.36,5.53,5.83,
4/30/1971,4.35,4.77,5.265,5.76,6.08,6.17,6.08,6.1,
5/28/1971,4.35,5.13,5.52,5.91,6.24,6.4,6.38,6.27,
6/30/1971,4.35,6.24,6.505,6.77,6.86,6.93,6.7,6.44,
7/30/1971,4.35,6.18,6.505,6.83,6.96,6.99,6.85,6.43,
8/31/1971,4.35,5.28,5.545,5.81,6.07,6.22,6.28,6.09,
9/30/1971,4.35,5.27,5.52,5.77,6.06,6.1,6,5.97,
10/29/1971,4.35,4.64,4.97,5.3,5.78,5.88,5.87,5.87,
11/30/1971,4.35,4.76,5.075,5.39,5.84,6.05,5.93,5.95,
12/31/1971,4.35,4.46,4.805,5.15,5.5,5.85,5.89,5.99,
1/31/1972,4.07,4.36,4.84,5.32,5.75,6.05,6.09,6.09,
2/29/1972,4.07,4.34,4.805,5.27,5.68,5.95,6.04,6.03,
3/30/1972,4.07,5.11,5.485,5.86,6.1,6.16,6.12,6.11,
4/28/1972,4.07,4.61,5.095,5.58,5.89,6.08,6.14,6.12,
5/31/1972,4.07,4.64,5.05,5.46,5.79,6,6.05,5.96,
6/30/1972,4.07,5.15,5.475,5.8,6,6.13,6.15,6.05,
7/31/1972,4.07,4.82,5.285,5.75,5.98,6.11,6.12,5.98,
8/31/1972,4.07,5.4,5.7,6,6.21,6.36,6.42,5.99,
9/29/1972,4.07,5.61,5.825,6.04,6.18,6.34,6.54,6.09,
10/31/1972,4.07,5.44,5.745,6.05,6.2,6.32,6.41,5.93,
11/30/1972,4.07,5.35,5.655,5.96,6.12,6.17,6.28,5.82,
12/29/1972,4.07,5.68,5.91,6.14,6.26,6.29,6.41,6.03,
1/31/1973,7.04,6.09,6.265,6.44,6.45,6.43,6.54,6.86,
2/28/1973,7.04,6.43,6.585,6.74,6.73,6.68,6.64,6.9,
3/30/1973,7.04,7.09,6.99,6.89,6.81,6.76,6.73,6.89,
4/30/1973,7.04,6.8,6.805,6.81,6.73,6.75,6.7,6.91,
5/31/1973,7.04,7.16,7.005,6.85,6.78,6.86,6.93,7.05,
6/29/1973,7.04,7.74,7.405,7.07,6.9,6.92,6.94,7.13,
7/31/1973,7.04,8.87,8.445,8.02,7.87,7.65,7.43,7.63,
8/31/1973,7.04,8.47,7.965,7.46,7.28,7.22,7.25,7.35,
9/28/1973,7.04,7.5,7.145,6.79,6.72,6.79,6.9,7.05,
10/31/1973,7.04,7.21,7.015,6.82,6.8,6.83,6.71,7.3,
11/30/1973,7.04,7.28,7.035,6.79,6.77,6.77,6.69,7.22,
12/31/1973,7.04,7.3,7.065,6.83,6.83,6.76,6.9,7.38,
1/31/1974,7.89,7.12,7,6.88,6.91,6.96,7,7.48,
2/28/1974,7.89,7.16,7.05,6.94,6.98,7.03,7.01,7.57,
3/29/1974,7.89,8.36,8.085,7.81,7.65,7.59,7.41,7.89,
4/30/1974,7.89,8.99,8.65,8.31,8.21,7.97,7.66,8.19,
5/31/1974,7.89,8.71,8.415,8.12,8.06,7.92,7.52,8.13,
6/28/1974,7.89,8.87,8.605,8.34,8.33,8.09,7.64,8.17,
7/31/1974,7.89,9,8.785,8.57,8.46,8.26,7.89,8.33,
8/30/1974,7.89,9.73,9.2,8.67,8.63,8.44,8.11,8.64,
9/30/1974,7.89,8.21,8.14,8.07,8.05,8.02,7.94,8.49,
10/31/1974,7.89,7.93,7.945,7.96,7.94,7.84,7.79,8.12,
11/29/1974,7.89,7.66,7.575,7.49,7.56,7.6,7.64,7.96,
12/31/1974,7.89,7.35,7.345,7.34,7.36,7.34,7.4,7.93,
1/31/1975,5.84,6.36,6.67,6.98,7.34,7.44,7.53,7.82,
2/28/1975,5.84,6.01,6.325,6.64,7.13,7.38,7.46,7.72,
3/31/1975,5.84,6.36,6.725,7.09,7.5,7.77,8.01,8.24,
4/30/1975,5.84,6.88,7.38,7.88,8.12,8.22,8.31,8.44,
5/30/1975,5.84,6.08,6.65,7.22,7.61,7.84,8.04,8.2,
6/30/1975,5.84,6.85,7.17,7.49,7.82,7.88,7.96,8.09,
7/31/1975,5.84,7.38,7.66,7.94,8.07,8.14,8.2,8.31,
8/29/1975,5.84,7.56,7.785,8.01,8.16,8.17,8.22,8.42,
9/30/1975,5.84,7.83,8.095,8.36,8.42,8.45,8.48,8.61,
10/31/1975,5.84,6.27,6.805,7.34,7.66,7.82,7.91,8.15,
11/28/1975,5.84,6.68,7.13,7.58,7.9,8.08,8.14,8.34,
12/31/1975,5.84,6.16,6.63,7.1,7.5,7.68,7.76,8.04,
1/30/1976,4.99,5.65,6.295,6.94,7.43,7.75,7.8,8,
2/27/1976,4.99,6.21,6.68,7.15,7.46,7.68,7.77,8.02,
3/31/1976,4.99,6.11,6.565,7.02,7.39,7.57,7.66,7.9,
4/30/1976,4.99,6.14,6.55,6.96,7.34,7.53,7.67,7.99,
5/28/1976,4.99,6.75,7.145,7.54,7.78,7.9,7.96,8.19,
6/30/1976,4.99,6.46,7.02,7.28,7.58,7.74,7.86,8.02,
7/30/1976,4.99,6.12,6.74,7.05,7.47,7.7,7.86,8.04,
8/31/1976,4.99,5.9,6.5,6.73,7.16,7.45,7.66,7.81,
9/30/1976,4.99,5.78,6.33,6.59,7.05,7.36,7.55,7.75,
10/29/1976,4.99,5.5,6.03,6.32,6.78,7.19,7.42,7.72,
11/30/1976,4.99,4.95,5.42,5.69,6.05,6.4,7.01,7.44,
12/31/1976,4.99,4.86,5.34,5.7,6.13,6.42,6.81,7.17,
1/31/1977,5.27,5.56,6.18,6.5,6.83,7.16,7.4,7.61,
2/28/1977,5.27,5.56,6.08,6.5,6.98,7.23,7.45,7.73,7.8
3/31/1977,5.27,5.4,6.01,6.42,6.94,7.21,7.42,7.72,7.79
4/29/1977,5.27,5.6,6.14,6.46,6.9,7.25,7.45,7.72,7.8
5/31/1977,5.27,5.86,6.18,6.49,6.87,7.16,7.38,7.68,7.74
6/30/1977,5.27,5.72,6.08,6.33,6.7,7,7.2,7.57,7.58
7/29/1977,5.27,6.22,6.5,6.71,7.03,7.28,7.42,7.68,7.72
8/31/1977,5.27,6.36,6.59,6.73,6.94,7.11,7.28,7.53,7.6
9/30/1977,5.27,6.66,6.82,6.94,7.11,7.26,7.41,7.61,7.68
10/31/1977,5.27,7.05,7.23,7.34,7.44,7.54,7.62,7.76,7.83
11/30/1977,5.27,6.92,7.11,7.22,7.36,7.45,7.55,7.75,7.83
12/30/1977,5.27,6.98,7.22,7.36,7.54,7.66,7.78,7.98,8.03
1/31/1978,7.22,7.26,7.47,7.57,7.72,7.83,7.94,8.16,8.18
2/28/1978,7.22,7.32,7.57,7.7,7.86,7.95,8.04,8.21,8.25
3/31/1978,7.22,7.48,7.7,7.83,7.97,8.05,8.15,8.31,8.33
4/28/1978,7.22,7.7,7.97,7.98,8.09,8.16,8.24,8.37,8.39
5/31/1978,7.22,7.94,8.12,8.2,8.28,8.35,8.42,8.5,8.5
6/30/1978,7.22,8.38,8.48,8.53,8.5,8.51,8.62,8.67,8.62
7/31/1978,7.22,8.33,8.47,8.47,8.46,8.46,8.56,8.59,8.56
8/31/1978,7.22,8.48,8.46,8.38,8.42,8.42,8.39,8.43,8.46
9/29/1978,7.22,8.81,8.7,8.49,8.5,8.54,8.56,8.63,8.61
10/31/1978,7.22,9.92,9.49,9.32,9.16,9,8.96,8.9,8.87
11/30/1978,7.22,10.09,9.55,9.16,8.94,8.9,8.86,8.8,8.8
12/29/1978,7.22,10.57,9.98,9.59,9.32,9.23,9.15,8.99,8.96
1/31/1979,10.04,10.13,9.64,9.16,8.95,8.93,8.95,8.9,8.85
2/28/1979,10.04,10.33,9.89,9.45,9.29,9.22,9.17,9.12,9.08
3/30/1979,10.04,10.17,9.72,9.34,9.19,9.14,9.11,9.07,9.02
4/30/1979,10.04,10.29,9.91,9.53,9.35,9.33,9.35,9.26,9.22
5/31/1979,10.04,9.91,9.56,9.2,9.04,9.02,9.06,9.08,9.08
6/29/1979,10.04,9.4,8.97,8.78,8.74,8.74,8.81,8.82,8.83
7/31/1979,10.04,9.75,9.31,9.05,8.99,9.02,9.01,8.98,8.99
8/31/1979,10.04,10.4,9.84,9.54,9.36,9.3,9.24,9.1,9.09
9/28/1979,10.04,10.8,10.1,9.76,9.48,9.46,9.44,9.31,9.25
10/31/1979,10.04,12.89,12.06,11.63,11.2,10.95,10.72,10.4,10.19
11/30/1979,10.04,11.88,11.33,10.68,10.44,10.45,10.38,10.1,10.09
12/31/1979,10.04,11.7,11.23,10.62,10.38,10.36,10.33,10.16,10.11
1/31/1980,11.51,12.4,11.75,11.19,11.11,11.12,11.13,11.16,11.09
2/29/1980,11.51,15.45,14.73,14,13.48,13.1,12.72,12.12,12.25
3/31/1980,11.51,15.8,14.63,13.69,13.31,12.76,12.64,12.44,12.31
4/30/1980,11.51,11.12,10.81,10.67,10.82,10.75,10.76,10.92,10.89
5/30/1980,11.51,8.83,9.25,9.28,9.87,10.09,10.25,10.46,10.37
6/30/1980,11.51,8.49,8.97,9.19,9.48,9.73,10.09,10.08,9.99
7/31/1980,11.51,9.36,9.72,9.95,10.09,10.38,10.76,10.8,10.8
8/29/1980,11.51,11.15,11.36,11.48,11.66,11.63,11.55,11.42,11.27
9/30/1980,11.51,12.29,12.13,12.06,11.88,11.86,11.86,11.84,11.7
10/31/1980,11.51,13.78,13.08,12.97,12.74,12.56,12.46,12.38,12.23
11/28/1980,11.51,15.13,14.13,13.69,13.14,12.86,12.72,12.38,12.32
12/31/1980,11.51,13.86,13.06,12.85,12.59,12.49,12.43,12.09,11.98
1/30/1981,14.03,14,13.26,13.05,12.8,12.73,12.68,12.46,12.28
2/27/1981,14.03,14.59,14.08,13.95,13.76,13.58,13.43,13.18,12.97
3/31/1981,14.03,13.05,13.17,13.27,13.39,13.3,13.13,12.95,12.65
4/30/1981,14.03,15.33,14.84,14.68,14.45,14.26,14.11,13.87,13.65
5/29/1981,14.03,14.81,14.4,14.31,13.99,13.65,13.5,13.31,13.06
6/30/1981,14.03,14.87,14.66,14.57,14.25,14.15,13.86,13.59,13.3
7/31/1981,14.03,16.12,15.84,15.63,15.24,14.87,14.67,14.31,13.96
8/31/1981,14.03,16.97,16.73,16.33,16.11,15.71,15.41,15.15,14.78
9/30/1981,15.05,16.64,16.69,16.45,16.27,16.05,15.84,15.78,15.19
10/30/1981,13.33,14.31,14.59,14.65,14.78,14.73,14.63,14.75,14.36
11/30/1981,10.78,11.82,12.36,12.81,12.79,12.86,13.13,13.13,12.91
12/31/1981,11.54,13.35,13.63,13.99,13.97,13.97,13.98,14.04,13.65
1/29/1982,13.08,14.04,14.24,14.26,14.24,14.23,14.14,14.21,13.91
2/26/1982,13,14.27,14.44,14.44,14.12,14.08,14.03,14.09,13.83
3/31/1982,13.99,14.3,14.52,14.52,14.39,14.37,14.18,13.89,13.68
4/30/1982,13.15,13.67,13.99,14,13.9,13.88,13.87,13.57,13.39
5/28/1982,11.97,12.93,13.62,13.73,13.76,13.86,13.71,13.63,13.39
6/30/1982,13.36,14.34,14.66,14.78,14.65,14.66,14.44,14.18,13.91
7/30/1982,10.57,12.56,13.17,13.53,13.73,13.75,13.68,13.63,13.42
8/31/1982,8.72,11.13,11.99,12.36,12.65,12.89,12.81,12.59,12.5
9/30/1982,7.88,10.26,11.23,11.52,11.69,11.72,11.73,11.65,11.79
10/29/1982,8.17,9.21,9.85,10.35,10.58,10.68,10.71,10.79,11.01
11/30/1982,8.56,9.38,9.96,10.08,10.37,10.67,10.79,10.79,10.7
12/31/1982,8.2,8.68,9.48,9.74,10.09,10.32,10.36,10.62,10.43
1/31/1983,8.36,8.91,9.58,9.93,10.31,10.69,10.8,11.14,10.99
2/28/1983,8.21,8.61,9.31,9.55,9.83,10.01,10.27,10.62,10.51
3/31/1983,8.96,9.34,9.87,10.04,10.27,10.52,10.62,10.84,10.69
4/29/1983,8.38,8.75,9.35,9.58,9.88,10.15,10.27,10.52,10.38
5/31/1983,8.97,9.48,10.02,10.21,10.55,10.77,10.81,11.12,10.97
6/30/1983,9.15,9.7,10.23,10.41,10.76,10.92,10.96,11.2,11.01
7/29/1983,9.59,10.48,11.03,11.22,11.59,11.74,11.76,12.01,11.8
8/31/1983,9.64,10.59,11.18,11.45,11.79,11.94,11.98,12.15,11.96
9/30/1983,9.04,9.89,10.53,10.79,11.2,11.39,11.44,11.64,11.44
10/31/1983,8.83,9.82,10.61,10.98,11.39,11.62,11.74,11.93,11.78
11/30/1983,9.24,9.98,10.67,10.96,11.36,11.57,11.63,11.83,11.67
12/30/1983,9.33,10.08,10.85,11.13,11.57,11.77,11.82,11.98,11.87
1/31/1984,9.26,9.85,10.58,10.89,11.34,11.56,11.67,11.82,11.78
2/29/1984,9.49,10.21,10.99,11.22,11.74,11.97,12.04,12.21,12.14
3/30/1984,10.09,10.8,11.6,11.86,12.28,12.45,12.53,12.51,12.52
4/30/1984,10.1,11.11,11.89,12.2,12.57,12.75,12.82,12.88,12.86
5/31/1984,10.13,12.15,13,13.33,13.76,13.87,13.91,13.83,13.84
6/29/1984,10.31,12.3,13.17,13.48,13.72,13.82,13.84,13.77,13.64
7/31/1984,10.83,11.86,12.57,12.7,12.85,12.91,12.91,12.94,12.87
8/31/1984,11.06,11.96,12.54,12.61,12.77,12.85,12.79,12.7,12.51
9/28/1984,10.63,11.43,12.07,12.28,12.48,12.54,12.47,12.37,12.28
10/31/1984,9.35,10.26,11.09,11.36,11.59,11.7,11.79,11.71,11.64
11/30/1984,8.74,9.71,10.5,10.86,11.25,11.56,11.58,11.71,11.58
12/31/1984,8.12,9.22,10.02,10.52,11.08,11.52,11.55,11.7,11.54
1/31/1985,8.33,9.09,9.9,10.36,10.77,11.07,11.17,11.3,11.21
2/28/1985,8.81,9.72,10.66,11.03,11.55,11.87,11.91,12.13,11.9
3/29/1985,8.47,9.49,10.43,10.79,11.29,11.59,11.65,11.89,11.64
4/30/1985,8.12,8.99,9.91,10.39,10.91,11.31,11.41,11.7,11.48
5/31/1985,7.38,7.98,8.92,9.27,9.68,10.15,10.28,10.7,10.58
6/28/1985,7.05,7.71,8.67,9.08,9.65,10.08,10.25,10.61,10.47
7/31/1985,7.52,8.12,9.01,9.47,9.98,10.41,10.57,10.89,10.7
8/30/1985,7.38,8.03,8.96,9.33,9.74,10.17,10.28,10.67,10.48
9/30/1985,7.27,7.99,8.88,9.27,9.73,10.15,10.31,10.75,10.57
10/31/1985,7.42,7.92,8.7,9.06,9.47,9.82,10.01,10.45,10.28
11/29/1985,7.39,7.85,8.46,8.7,9.07,9.47,9.59,10.07,9.86
12/31/1985,7.28,7.6,7.98,8.22,8.49,8.87,9,9.5,9.27
1/31/1986,7.19,7.57,7.99,8.25,8.53,8.88,9.08,9.48,9.34
2/28/1986,7.24,7.43,7.71,7.79,7.91,8.05,8.13,8.34,8.27
3/31/1986,6.53,6.72,6.92,7.02,7.19,7.21,7.39,7.46,7.44
4/30/1986,6.28,6.54,6.83,7.02,7.17,7.26,7.38,7.55,7.47
5/30/1986,6.49,6.88,7.36,7.58,7.82,8.03,8.05,7.9,7.74
6/30/1986,6.13,6.41,6.81,7,7.23,7.29,7.35,7.3,7.24
7/31/1986,5.96,6.2,6.57,6.81,7.02,7.22,7.34,7.42,7.46
8/29/1986,5.31,5.52,5.94,6.13,6.4,6.75,6.95,7.12,7.21
9/30/1986,5.34,5.82,6.38,6.68,6.98,7.31,7.45,7.55,7.6
10/31/1986,5.34,5.73,6.26,6.51,6.76,7.1,7.34,7.54,7.61
11/28/1986,5.54,5.76,6.21,6.38,6.65,7,7.15,7.3,7.41
12/31/1986,5.83,5.95,6.35,6.56,6.81,7.09,7.23,7.39,7.49
1/30/1987,5.76,5.93,6.33,6.51,6.71,6.99,7.18,7.33,7.48
2/27/1987,5.6,5.9,6.35,6.51,6.71,7,7.19,7.34,7.48
3/31/1987,5.79,6.15,6.54,6.79,7.02,7.29,7.51,7.66,7.81
4/30/1987,5.7,6.62,7.38,7.63,7.82,8.07,8.21,8.33,8.45
5/29/1987,5.87,6.88,7.69,7.94,8.15,8.35,8.49,8.57,8.65
6/30/1987,5.91,6.77,7.48,7.76,8.02,8.24,8.38,8.45,8.51
7/31/1987,6.27,6.89,7.63,7.95,8.21,8.48,8.66,8.78,8.89
8/31/1987,6.45,7.23,7.97,8.27,8.52,8.83,9,9.09,9.17
9/30/1987,6.83,7.92,8.6,8.93,9.21,9.5,9.63,9.71,9.79
10/30/1987,5.45,6.75,7.58,8,8.37,8.69,8.88,8.96,9.03
11/30/1987,5.42,7,7.73,8.05,8.43,8.82,8.99,9.05,9.1
12/31/1987,5.86,7.1,7.77,8.04,8.33,8.67,8.83,8.89,8.95
1/29/1988,5.82,6.66,7.22,7.48,7.76,8.06,8.26,8.34,8.42
2/29/1988,5.8,6.63,7.13,7.33,7.64,7.95,8.16,8.28,8.39
3/31/1988,5.87,6.76,7.41,7.66,8.04,8.4,8.57,8.7,8.82
4/29/1988,6.16,7.14,7.73,7.98,8.33,8.65,8.87,8.99,9.11
5/31/1988,6.67,7.66,8.21,8.44,8.73,9.03,9.2,9.25,9.3
6/30/1988,6.77,7.5,8.02,8.18,8.41,8.7,8.82,8.85,8.87
7/29/1988,7.18,7.9,8.39,8.57,8.75,8.98,9.12,9.18,9.23
8/31/1988,7.54,8.28,8.71,8.83,8.95,9.13,9.25,9.28,9.31
9/30/1988,7.49,8.13,8.43,8.52,8.61,8.78,8.87,8.93,8.98
10/31/1988,7.62,8.06,8.25,8.32,8.37,8.52,8.65,8.7,8.74
11/30/1988,8.1,8.62,8.84,8.87,8.91,9.02,9.06,9.07,9.07
12/30/1988,8.37,9.02,9.14,9.18,9.14,9.18,9.14,9.07,9
1/31/1989,8.69,9.04,9.12,9.13,9.08,9.03,9.01,8.93,8.84
2/28/1989,9.03,9.4,9.55,9.43,9.42,9.39,9.32,9.23,9.14
3/31/1989,9.23,9.64,9.73,9.66,9.53,9.4,9.3,9.21,9.11
4/28/1989,8.71,9.12,9.22,9.15,9.06,9.04,9.02,8.97,8.91
5/31/1989,8.92,8.86,8.82,8.78,8.65,8.64,8.6,8.6,8.6
6/30/1989,8.26,8.12,8.08,8.05,8.03,8.1,8.1,8.08,8.05
7/31/1989,8.04,7.65,7.53,7.58,7.56,7.68,7.82,7.87,7.92
8/31/1989,8.16,8.28,8.42,8.37,8.27,8.3,8.26,8.24,8.21
9/29/1989,8.18,8.48,8.46,8.46,8.36,8.4,8.31,8.28,8.24
10/31/1989,8.04,7.88,7.85,7.91,7.86,7.92,7.92,7.92,7.92
11/30/1989,7.84,7.72,7.75,7.75,7.74,7.83,7.84,7.87,7.9
12/29/1989,7.8,7.76,7.87,7.87,7.86,7.97,7.93,7.96,7.98
1/31/1990,8,8.08,8.28,8.36,8.35,8.39,8.43,8.45,8.46
2/28/1990,8.04,8.12,8.43,8.45,8.44,8.54,8.51,8.53,8.54
3/30/1990,8.07,8.35,8.64,8.69,8.65,8.7,8.65,8.64,8.63
4/30/1990,8.07,8.58,8.96,9.05,9.04,9.06,9.04,9.02,9
5/31/1990,8.01,8.22,8.5,8.53,8.56,8.64,8.6,8.59,8.58
6/29/1990,8,8.05,8.24,8.32,8.35,8.46,8.43,8.42,8.41
7/31/1990,7.74,7.72,7.91,8.04,8.13,8.28,8.36,8.39,8.42
8/31/1990,7.63,7.76,8.07,8.26,8.5,8.77,8.86,8.93,8.99
9/28/1990,7.37,7.69,8.02,8.19,8.47,8.73,8.82,8.89,8.96
10/31/1990,7.34,7.43,7.77,7.97,8.24,8.5,8.65,8.72,8.78
11/30/1990,7.24,7.31,7.53,7.67,7.91,8.18,8.26,8.33,8.4
12/31/1990,6.63,6.82,7.15,7.4,7.68,8,8.08,8.17,8.26
1/31/1991,6.37,6.51,7.05,7.3,7.62,7.89,8.03,8.12,8.21
2/28/1991,6.22,6.41,7.04,7.26,7.66,7.89,8.02,8.11,8.19
3/28/1991,5.92,6.28,7.02,7.3,7.73,7.96,8.05,8.15,8.24
4/30/1991,5.68,6.06,6.8,7.15,7.63,7.88,8.02,8.11,8.2
5/31/1991,5.71,6.16,6.68,7.1,7.69,7.92,8.06,8.16,8.26
6/28/1991,5.71,6.32,6.9,7.33,7.9,8.14,8.24,8.33,8.42
7/31/1991,5.7,6.19,6.81,7.21,7.77,8.03,8.2,8.28,8.36
8/30/1991,5.49,5.72,6.36,6.68,7.34,7.67,7.82,7.94,8.06
9/30/1991,5.26,5.42,5.99,6.28,6.92,7.29,7.47,7.65,7.82
10/31/1991,4.96,5.1,5.7,6.06,6.74,7.15,7.47,7.69,7.91
11/29/1991,4.47,4.69,5.38,5.76,6.48,6.99,7.38,7.66,7.94
12/31/1991,3.96,4.12,4.77,5.11,5.93,6.38,6.71,7.06,7.41
1/31/1992,3.94,4.23,5.11,5.65,6.44,6.92,7.31,7.54,7.77
2/28/1992,4.03,4.35,5.27,5.75,6.58,6.95,7.27,7.54,7.8
3/31/1992,4.15,4.54,5.6,6.17,6.94,7.25,7.54,7.75,7.96
4/30/1992,3.79,4.4,5.46,6.05,6.91,7.26,7.61,7.84,8.06
5/29/1992,3.79,4.24,5.19,5.75,6.61,7,7.33,7.59,7.84
6/30/1992,3.65,4.05,4.83,5.39,6.29,6.76,7.14,7.47,7.79
7/31/1992,3.25,3.62,4.42,4.97,5.84,6.27,6.72,7.09,7.46
8/31/1992,3.23,3.47,4.15,4.69,5.6,6.17,6.62,7.02,7.42
9/30/1992,2.75,3.06,3.8,4.34,5.33,5.94,6.37,6.88,7.38
10/30/1992,3.03,3.54,4.4,4.98,5.9,6.36,6.8,7.22,7.63
11/30/1992,3.38,3.83,4.79,5.36,6.23,6.61,6.95,7.27,7.59
12/31/1992,3.15,3.61,4.56,5.12,6.04,6.43,6.7,7.05,7.4
1/29/1993,2.96,3.39,4.2,4.72,5.57,6,6.39,6.8,7.21
2/26/1993,3.01,3.32,3.92,4.37,5.21,5.67,6.03,6.47,6.9
3/31/1993,2.95,3.32,3.96,4.42,5.24,5.72,6.03,6.48,6.93
4/30/1993,2.97,3.26,3.83,4.3,5.14,5.63,6.05,6.5,6.95
5/28/1993,3.13,3.62,4.24,4.63,5.37,5.8,6.16,6.57,6.98
6/30/1993,3.1,3.45,4.03,4.39,5.05,5.46,5.8,6.24,6.68
7/30/1993,3.1,3.53,4.13,4.5,5.16,5.5,5.83,6.2,6.57
8/31/1993,3.08,3.38,3.88,4.2,4.8,5.11,5.45,5.77,6.09
9/30/1993,2.98,3.39,3.89,4.24,4.79,5.11,5.4,5.72,6.04
10/29/1993,3.1,3.47,3.99,4.3,4.83,5.19,5.43,6.12,5.96
11/30/1993,3.21,3.65,4.22,4.55,5.15,5.53,5.83,6.46,6.29
12/31/1993,3.07,3.63,4.25,4.58,5.21,5.53,5.83,6.48,6.35
1/31/1994,3.05,3.53,4.12,4.44,5.02,5.34,5.7,6.29,6.23
2/28/1994,3.47,4.03,4.67,5.04,5.6,5.94,6.15,6.75,6.67
3/31/1994,3.56,4.5,5.21,5.66,6.23,6.59,6.77,7.23,7.11
4/29/1994,3.97,5.07,5.73,6.16,6.64,6.88,7.06,7.44,7.31
5/31/1994,4.31,5.38,6.01,6.36,6.77,6.99,7.17,7.58,7.44
6/30/1994,4.26,5.51,6.19,6.52,6.97,7.18,7.34,7.75,7.63
7/29/1994,4.39,5.37,5.99,6.33,6.73,6.92,7.12,7.46,7.39
8/31/1994,4.68,5.56,6.17,6.44,6.81,7,7.19,7.6,7.46
9/30/1994,4.8,5.96,6.62,6.92,7.28,7.46,7.62,7.98,7.82
10/31/1994,5.2,6.18,6.84,7.1,7.48,7.65,7.81,8.09,7.97
11/30/1994,5.72,6.91,7.4,7.62,7.79,7.84,7.91,8.1,7.99
12/30/1994,5.68,7.2,7.69,7.8,7.83,7.84,7.84,8.02,7.89
1/31/1995,6,6.84,7.26,7.39,7.54,7.58,7.6,7.81,7.71
2/28/1995,5.94,6.44,6.79,6.9,7.06,7.15,7.22,7.58,7.46
3/31/1995,5.88,6.49,6.8,6.92,7.08,7.17,7.2,7.54,7.44
4/28/1995,5.87,6.32,6.6,6.72,6.88,6.95,7.07,7.42,7.34
5/31/1995,5.81,5.8,5.89,5.95,6.08,6.18,6.3,6.72,6.67
6/30/1995,5.6,5.65,5.79,5.88,5.98,6.12,6.21,6.64,6.63
7/31/1995,5.6,5.67,5.88,6.02,6.16,6.35,6.45,6.88,6.86
8/31/1995,5.45,5.65,5.85,5.95,6.07,6.21,6.28,6.72,6.65
9/29/1995,5.4,5.65,5.83,5.91,6.01,6.11,6.17,6.6,6.49
10/31/1995,5.48,5.55,5.61,5.7,5.81,5.92,6.03,6.4,6.34
11/30/1995,5.48,5.36,5.36,5.41,5.53,5.68,5.76,6.2,6.14
12/29/1995,5.1,5.18,5.18,5.25,5.38,5.49,5.58,6.01,5.96
1/31/1996,5.05,4.9,4.93,5.06,5.25,5.46,5.6,6.07,6.03
2/29/1996,5.02,5.23,5.44,5.56,5.73,5.99,6.13,6.57,6.48
3/29/1996,5.13,5.41,5.79,5.91,6.1,6.3,6.34,6.83,6.67
4/30/1996,5.14,5.62,6.03,6.19,6.4,6.58,6.66,7.06,6.89
5/31/1996,5.18,5.77,6.27,6.44,6.64,6.78,6.85,7.17,7
6/28/1996,5.18,5.7,6.11,6.3,6.47,6.61,6.73,7.03,6.9
7/31/1996,5.32,5.85,6.22,6.39,6.57,6.68,6.8,7.07,6.98
8/30/1996,5.29,5.91,6.34,6.54,6.73,6.86,6.96,7.28,7.13
9/30/1996,5.14,5.71,6.1,6.28,6.46,6.6,6.72,7.05,6.93
10/31/1996,5.17,5.44,5.77,5.92,6.1,6.24,6.37,6.74,6.66
11/29/1996,5.13,5.38,5.59,5.7,5.84,5.97,6.06,6.45,6.36
12/31/1996,5.21,5.51,5.88,6.04,6.21,6.34,6.43,6.73,6.65
1/31/1997,5.15,5.58,5.94,6.08,6.26,6.4,6.53,6.86,6.8
2/28/1997,5.22,5.67,6.09,6.23,6.39,6.5,6.56,6.91,6.8
3/31/1997,5.35,6.02,6.45,6.6,6.77,6.89,6.92,7.22,7.1
4/30/1997,5.28,5.9,6.29,6.42,6.57,6.68,6.72,7.05,6.95
5/30/1997,4.96,5.78,6.22,6.37,6.51,6.61,6.67,6.99,6.92
6/30/1997,5.25,5.67,6.08,6.25,6.4,6.49,6.51,6.86,6.8
7/31/1997,5.25,5.45,5.74,5.81,5.9,5.99,6.02,6.35,6.3
8/29/1997,5.24,5.59,5.97,6.1,6.22,6.33,6.34,6.69,6.61
9/30/1997,5.06,5.47,5.8,5.88,6,6.11,6.12,6.47,6.41
10/31/1997,5.21,5.36,5.63,5.7,5.72,5.87,5.84,6.21,6.15
11/28/1997,5.22,5.52,5.76,5.8,5.83,5.89,5.86,6.12,6.04
12/31/1997,5.36,5.51,5.66,5.68,5.71,5.77,5.75,6.02,5.93
1/30/1998,5.19,5.24,5.32,5.35,5.39,5.51,5.53,5.88,5.82
2/27/1998,5.32,5.41,5.55,5.55,5.59,5.67,5.62,5.99,5.92
3/31/1998,5.16,5.41,5.6,5.61,5.64,5.74,5.67,6.02,5.94
4/30/1998,5,5.4,5.59,5.62,5.65,5.74,5.68,6.04,5.95
5/29/1998,5.03,5.42,5.53,5.54,5.56,5.63,5.56,5.9,5.81
6/30/1998,5.1,5.38,5.49,5.49,5.47,5.52,5.44,5.73,5.62
7/31/1998,5.1,5.38,5.49,5.48,5.52,5.56,5.5,5.81,5.72
8/31/1998,4.96,4.95,4.91,4.85,4.91,5.03,5.05,5.45,5.3
9/30/1998,4.37,4.41,4.3,4.26,4.23,4.38,4.44,5.17,4.98
10/30/1998,4.33,4.18,4.12,4.24,4.24,4.47,4.64,5.38,5.15
11/30/1998,4.57,4.53,4.54,4.54,4.51,4.7,4.74,5.33,5.08
12/31/1998,4.48,4.53,4.54,4.55,4.56,4.73,4.65,5.39,5.09
1/29/1999,4.48,4.51,4.58,4.57,4.55,4.72,4.66,5.35,5.09
2/26/1999,4.66,4.88,5.13,5.16,5.21,5.39,5.29,5.85,5.57
3/31/1999,4.49,4.72,4.99,5.07,5.12,5.38,5.25,5.92,5.63
4/30/1999,4.55,4.78,5.08,5.17,5.24,5.42,5.36,5.94,5.68
5/28/1999,4.66,4.97,5.42,5.51,5.6,5.83,5.64,6.15,5.84
6/30/1999,4.78,5.07,5.53,5.59,5.67,5.93,5.81,6.29,5.98
7/30/1999,4.75,5.13,5.63,5.7,5.82,6.1,5.92,6.4,6.11
8/31/1999,4.98,5.3,5.73,5.82,5.88,6.2,5.98,6.49,6.07
9/30/1999,4.88,5.22,5.63,5.7,5.78,6.1,5.9,6.47,6.06
10/29/1999,5.12,5.43,5.79,5.9,5.97,6.19,6.02,6.52,6.16
11/30/1999,5.3,5.7,6.01,6.05,6.11,6.28,6.18,6.62,6.29
12/31/1999,5.33,5.98,6.24,6.29,6.36,6.55,6.45,6.83,6.48
1/31/2000,5.76,6.3,6.61,6.65,6.71,6.75,6.68,6.72,6.49
2/29/2000,5.78,6.2,6.53,6.58,6.61,6.67,6.42,6.46,6.15
3/31/2000,5.88,6.28,6.5,6.44,6.32,6.28,6.03,6.2,5.84
4/28/2000,5.82,6.24,6.68,6.64,6.56,6.49,6.23,6.31,5.97
5/31/2000,5.63,6.37,6.69,6.66,6.54,6.52,6.29,6.42,6.02
6/30/2000,5.88,6.08,6.38,6.31,6.18,6.25,6.03,6.26,5.9
7/31/2000,6.27,6.07,6.3,6.24,6.16,6.19,6.04,6.13,5.79
8/31/2000,6.31,6.22,6.18,6.09,5.98,5.98,5.73,5.96,5.67
9/29/2000,6.23,6.07,5.98,5.91,5.85,5.93,5.8,6.13,5.88
10/31/2000,6.38,6.12,5.94,5.87,5.83,5.87,5.77,6.02,5.79
11/30/2000,6.21,5.92,5.61,5.52,5.42,5.5,5.48,5.78,5.6
12/29/2000,5.89,5.32,5.11,5.06,4.99,5.16,5.12,5.59,5.46
1/31/2001,4.99,4.6,4.62,4.67,4.85,5.08,5.19,5.65,5.54
2/28/2001,4.85,4.47,4.41,4.48,4.7,4.93,4.92,5.51,5.34
3/30/2001,4.3,4.09,4.18,4.33,4.62,4.86,4.93,5.6,5.46
4/30/2001,3.95,3.94,4.3,4.55,4.97,5.22,5.35,5.92,5.78
5/31/2001,3.63,3.63,4.22,4.49,4.94,5.27,5.43,5.95,5.78
6/29/2001,3.65,3.72,4.25,4.52,4.97,5.28,5.42,5.91,5.75
7/31/2001,3.54,3.53,3.79,4.06,4.57,4.86,5.07,5.61,5.51
8/31/2001,3.37,3.41,3.64,3.91,4.46,4.72,4.85,5.47,5.39
9/28/2001,2.4,2.49,2.86,3.22,3.93,4.37,4.6,5.45,5.42
10/31/2001,2.05,2.07,2.44,2.87,3.66,4.03,4.3,5.05,4.89
11/30/2001,1.78,2.06,2.84,3.3,4.08,4.55,4.78,5.54,5.27
12/31/2001,1.74,2.17,3.07,3.59,4.38,4.84,5.07,5.74,5.48
1/31/2002,1.76,2.29,3.16,3.7,4.42,4.82,5.07,5.68,5.44
2/28/2002,1.79,2.25,3.06,3.64,4.27,4.7,4.88,5.61,5.54
3/28/2002,1.79,2.7,3.72,4.31,4.91,5.29,5.42,6.03,5.91
4/30/2002,1.77,2.35,3.24,3.83,4.53,4.88,5.11,5.74,5.72
5/31/2002,1.74,2.34,3.22,3.73,4.37,4.77,5.08,5.77,5.75
6/28/2002,1.7,2.06,2.9,3.37,4.09,4.52,4.86,5.65,5.7
7/31/2002,1.71,1.8,2.23,2.67,3.53,4.09,4.51,5.41,5.51
8/30/2002,1.69,1.74,2.14,2.5,3.22,3.78,4.14,5.06,5.11
9/30/2002,1.57,1.53,1.72,2.02,2.63,3.25,3.63,4.75,4.88
10/31/2002,1.44,1.46,1.68,2.05,2.81,3.45,3.93,5.03,5.28
11/29/2002,1.22,1.56,2.08,2.51,3.28,3.88,4.22,5.18,5.23
12/31/2002,1.22,1.32,1.61,1.99,2.78,3.36,3.83,4.83,5.03
1/31/2003,1.18,1.31,1.72,2.16,3.02,3.55,4,4.93,5.03
2/28/2003,1.2,1.24,1.53,1.91,2.69,3.24,3.71,4.7,4.9
3/31/2003,1.14,1.19,1.51,1.93,2.78,3.35,3.83,4.84,5.07
4/30/2003,1.13,1.22,1.51,1.95,2.85,3.39,3.89,4.79,5
5/30/2003,1.11,1.13,1.33,1.58,2.3,2.87,3.37,4.36,4.59
6/30/2003,0.9,1.09,1.32,1.66,2.46,3.03,3.54,4.52,4.81
7/31/2003,0.96,1.28,1.8,2.33,3.38,3.98,4.49,5.43,5.56
8/29/2003,0.98,1.35,1.95,2.51,3.46,4,4.45,5.33,5.3
9/30/2003,0.95,1.15,1.5,1.95,2.85,3.41,3.96,4.91,5.07
10/31/2003,0.96,1.31,1.85,2.36,3.27,3.8,4.33,5.2,5.28
11/28/2003,0.93,1.39,2.06,2.56,3.38,3.89,4.34,5.2,5.23
12/31/2003,0.95,1.26,1.84,2.37,3.25,3.77,4.27,5.1,5.23
1/30/2004,0.92,1.28,1.84,2.35,3.17,3.68,4.16,5,5.11
2/27/2004,0.96,1.21,1.66,2.13,3.01,3.48,3.99,4.85,5.01
3/31/2004,0.95,1.2,1.6,1.99,2.8,3.33,3.86,4.77,4.93
4/30/2004,0.98,1.55,2.31,2.86,3.63,4.11,4.53,5.31,5.39
5/28/2004,1.08,1.83,2.54,3.1,3.81,4.26,4.66,5.39,5.42
6/30/2004,1.33,2.09,2.7,3.16,3.81,4.24,4.62,5.33,5.41
7/30/2004,1.45,2.13,2.68,3.09,3.71,4.13,4.5,5.24,5.31
8/31/2004,1.59,1.99,2.41,2.75,3.33,3.76,4.13,4.93,5.01
9/30/2004,1.71,2.21,2.63,2.89,3.38,3.79,4.14,4.89,4.97
10/29/2004,1.91,2.28,2.56,2.82,3.3,3.7,4.05,4.79,4.87
11/30/2004,2.23,2.63,3.02,3.29,3.72,4.07,4.36,5.03,5.07
12/31/2004,2.22,2.75,3.08,3.25,3.63,3.94,4.24,4.85,4.86
1/31/2005,2.51,2.96,3.29,3.43,3.71,3.92,4.14,4.64,4.62
2/28/2005,2.76,3.2,3.59,3.75,4,4.18,4.36,4.79,4.71
3/31/2005,2.79,3.35,3.8,3.96,4.18,4.33,4.5,4.88,4.76
4/29/2005,2.9,3.33,3.66,3.73,3.9,4.03,4.21,4.61,4.53
5/31/2005,2.99,3.32,3.6,3.65,3.76,3.86,4,4.4,4.36
6/30/2005,3.13,3.45,3.66,3.67,3.72,3.8,3.94,4.28,4.19
7/29/2005,3.42,3.8,4.02,4.06,4.12,4.19,4.28,4.56,4.42
8/31/2005,3.52,3.77,3.84,3.83,3.87,3.93,4.02,4.3,4.23
9/30/2005,3.55,4.01,4.18,4.18,4.18,4.23,4.34,4.62,4.53
10/31/2005,3.98,4.31,4.4,4.41,4.45,4.49,4.57,4.84,4.73
11/30/2005,3.95,4.34,4.42,4.41,4.42,4.45,4.49,4.81,4.66
12/30/2005,4.08,4.38,4.41,4.37,4.35,4.36,4.39,4.61,4.51
1/31/2006,4.47,4.58,4.54,4.49,4.47,4.49,4.53,4.74,4.69
2/28/2006,4.62,4.73,4.69,4.67,4.61,4.57,4.55,4.7,4.51
3/31/2006,4.63,4.82,4.82,4.83,4.82,4.83,4.86,5.07,4.9
4/28/2006,4.77,4.9,4.87,4.87,4.92,4.98,5.07,5.31,5.17
5/31/2006,4.86,5.07,5.04,5.03,5.04,5.06,5.12,5.35,5.21
6/30/2006,5.01,5.21,5.16,5.13,5.1,5.11,5.15,5.31,5.19
7/31/2006,5.1,5.11,4.97,4.93,4.91,4.93,4.99,5.17,5.07
8/31/2006,5.05,5.01,4.79,4.71,4.7,4.7,4.74,4.95,4.88
9/29/2006,4.89,4.91,4.71,4.62,4.59,4.6,4.64,4.84,4.77
10/31/2006,5.08,4.99,4.71,4.62,4.57,4.57,4.61,4.81,4.72
11/30/2006,5.03,4.94,4.62,4.52,4.45,4.45,4.46,4.66,4.56
12/29/2006,5.02,5,4.82,4.74,4.7,4.7,4.71,4.91,4.81
1/31/2007,5.12,5.09,4.94,4.85,4.82,4.82,4.83,5.02,4.93
2/28/2007,5.16,4.96,4.65,4.55,4.52,4.53,4.56,4.78,4.68
3/30/2007,5.04,4.9,4.58,4.54,4.54,4.58,4.65,4.92,4.84
4/30/2007,4.91,4.89,4.6,4.54,4.51,4.55,4.63,4.88,4.81
5/31/2007,4.73,4.95,4.92,4.88,4.86,4.87,4.9,5.1,5.01
6/29/2007,4.82,4.91,4.87,4.89,4.92,4.96,5.03,5.21,5.12
7/31/2007,4.96,4.85,4.56,4.55,4.6,4.67,4.78,5,4.92
8/31/2007,4.01,4.19,4.15,4.16,4.25,4.36,4.54,4.87,4.83
9/28/2007,3.82,4.05,3.97,4.03,4.23,4.38,4.59,4.89,4.83
10/31/2007,3.94,4.04,3.94,3.94,4.16,4.29,4.48,4.79,4.74
11/30/2007,3.15,3.26,3.04,3.09,3.41,3.64,3.97,4.44,4.4
12/31/2007,3.36,3.34,3.05,3.07,3.45,3.7,4.04,4.5,4.45
1/31/2008,1.96,2.11,2.17,2.27,2.82,3.19,3.67,4.35,4.35
2/29/2008,1.85,1.77,1.65,1.87,2.5,2.96,3.53,4.37,4.41
3/31/2008,1.38,1.55,1.62,1.79,2.46,2.88,3.45,4.3,4.3
4/30/2008,1.43,1.85,2.29,2.49,3.03,3.34,3.77,4.49,4.49
5/30/2008,1.89,2.22,2.66,2.93,3.41,3.68,4.06,4.74,4.72
6/30/2008,1.9,2.36,2.63,2.91,3.34,3.61,3.99,4.59,4.53
7/31/2008,1.68,2.27,2.52,2.81,3.25,3.56,3.99,4.63,4.59
8/29/2008,1.72,2.17,2.36,2.6,3.1,3.45,3.83,4.47,4.43
9/30/2008,0.92,1.78,2,2.28,2.98,3.38,3.85,4.43,4.31
10/31/2008,0.46,1.34,1.56,1.8,2.8,3.29,4.01,4.74,4.35
11/28/2008,0.01,0.9,1,1.27,1.93,2.35,2.93,3.71,3.45
12/31/2008,0.11,0.37,0.76,1,1.55,1.87,2.25,3.05,2.69
1/30/2009,0.24,0.51,0.94,1.32,1.85,2.27,2.87,3.86,3.58
2/27/2009,0.26,0.72,1,1.4,1.99,2.69,3.02,3.98,3.71
3/31/2009,0.21,0.57,0.81,1.15,1.67,2.28,2.71,3.61,3.56
4/30/2009,0.14,0.49,0.91,1.38,2.02,2.7,3.16,4.1,4.05
5/29/2009,0.14,0.47,0.92,1.42,2.34,3.06,3.47,4.34,4.34
6/30/2009,0.19,0.56,1.11,1.64,2.54,3.19,3.53,4.3,4.32
7/31/2009,0.18,0.48,1.13,1.62,2.53,3.14,3.52,4.29,4.31
8/31/2009,0.15,0.43,0.97,1.49,2.39,3.03,3.4,4.14,4.18
9/30/2009,0.14,0.4,0.95,1.45,2.31,2.93,3.31,4.02,4.03
10/30/2009,0.05,0.37,0.9,1.43,2.31,2.98,3.41,4.19,4.23
11/30/2009,0.06,0.27,0.67,1.12,2.01,2.69,3.21,4.07,4.2
12/31/2009,0.06,0.47,1.14,1.7,2.69,3.39,3.85,4.58,4.63
1/29/2010,0.08,0.3,0.82,1.38,2.34,3.08,3.63,4.38,4.51
2/26/2010,0.13,0.32,0.81,1.36,2.3,3.05,3.61,4.4,4.55
3/31/2010,0.16,0.41,1.02,1.6,2.55,3.28,3.84,4.55,4.72
4/30/2010,0.16,0.41,0.97,1.51,2.43,3.12,3.69,4.36,4.53
5/28/2010,0.16,0.34,0.76,1.26,2.1,2.75,3.31,4.05,4.22
6/30/2010,0.18,0.32,0.61,1,1.79,2.42,2.97,3.74,3.91
7/30/2010,0.15,0.29,0.55,0.84,1.6,2.3,2.94,3.74,3.98
8/31/2010,0.14,0.25,0.47,0.72,1.33,1.92,2.47,3.23,3.52
9/30/2010,0.16,0.27,0.42,0.64,1.27,1.91,2.53,3.38,3.69
10/29/2010,0.12,0.22,0.34,0.51,1.17,1.89,2.63,3.64,3.99
11/30/2010,0.17,0.27,0.45,0.72,1.47,2.16,2.81,3.8,4.12
12/31/2010,0.12,0.29,0.61,1.02,2.01,2.71,3.3,4.13,4.34
1/31/2011,0.15,0.26,0.58,0.98,1.95,2.71,3.42,4.33,4.58
2/28/2011,0.15,0.25,0.69,1.18,2.13,2.82,3.42,4.25,4.49
3/31/2011,0.09,0.3,0.8,1.29,2.24,2.9,3.47,4.29,4.51
4/29/2011,0.04,0.22,0.61,1.01,1.97,2.66,3.32,4.15,4.4
5/31/2011,0.06,0.18,0.45,0.79,1.68,2.37,3.05,3.91,4.22
6/30/2011,0.03,0.19,0.45,0.81,1.76,2.5,3.18,4.09,4.38
7/29/2011,0.1,0.2,0.36,0.55,1.35,2.09,2.82,3.77,4.12
8/31/2011,0.02,0.1,0.2,0.33,0.96,1.56,2.23,3.19,3.6
9/30/2011,0.02,0.13,0.25,0.42,0.96,1.43,1.92,2.66,2.9
10/31/2011,0.01,0.12,0.25,0.41,0.99,1.58,2.17,2.89,3.16
11/30/2011,0.01,0.12,0.25,0.41,0.96,1.53,2.08,2.77,3.06
12/30/2011,0.02,0.12,0.25,0.36,0.83,1.35,1.89,2.57,2.89
1/31/2012,0.06,0.13,0.22,0.3,0.71,1.24,1.83,2.59,2.94
2/29/2012,0.08,0.18,0.3,0.43,0.87,1.39,1.98,2.73,3.08
3/30/2012,0.07,0.19,0.33,0.51,1.04,1.61,2.23,3,3.35
4/30/2012,0.1,0.2,0.27,0.38,0.82,1.33,1.95,2.73,3.12
5/31/2012,0.07,0.18,0.27,0.35,0.67,1.03,1.59,2.27,2.67
6/29/2012,0.09,0.21,0.33,0.41,0.72,1.11,1.67,2.38,2.76
7/31/2012,0.11,0.16,0.23,0.3,0.6,0.98,1.51,2.21,2.56
8/31/2012,0.09,0.16,0.22,0.3,0.59,1.01,1.57,2.29,2.68
9/28/2012,0.1,0.17,0.23,0.31,0.62,1.04,1.65,2.42,2.82
10/31/2012,0.11,0.18,0.3,0.38,0.72,1.14,1.72,2.46,2.85
11/30/2012,0.08,0.18,0.25,0.34,0.61,1.04,1.62,2.37,2.81
12/31/2012,0.05,0.16,0.25,0.36,0.72,1.18,1.78,2.54,2.95
1/31/2013,0.07,0.15,0.27,0.42,0.88,1.38,2.02,2.79,3.17
2/28/2013,0.11,0.17,0.25,0.36,0.77,1.26,1.89,2.71,3.1
3/28/2013,0.07,0.14,0.25,0.36,0.77,1.24,1.87,2.71,3.1
4/30/2013,0.05,0.11,0.22,0.32,0.68,1.11,1.7,2.49,2.88
5/31/2013,0.04,0.14,0.3,0.52,1.05,1.55,2.16,2.95,3.3
6/28/2013,0.04,0.15,0.36,0.66,1.41,1.96,2.52,3.22,3.52
7/31/2013,0.04,0.11,0.31,0.61,1.38,2,2.6,3.34,3.64
8/30/2013,0.03,0.13,0.39,0.79,1.62,2.24,2.78,3.46,3.7
9/30/2013,0.02,0.1,0.33,0.63,1.39,2.02,2.64,3.41,3.69
10/31/2013,0.04,0.1,0.31,0.57,1.31,1.95,2.57,3.33,3.63
11/29/2013,0.06,0.13,0.28,0.56,1.37,2.1,2.75,3.54,3.82
12/31/2013,0.07,0.13,0.38,0.78,1.75,2.45,3.04,3.72,3.96
1/31/2014,0.02,0.1,0.34,0.69,1.49,2.13,2.67,3.35,3.61
2/28/2014,0.05,0.12,0.33,0.69,1.51,2.13,2.66,3.31,3.59
3/31/2014,0.05,0.13,0.44,0.9,1.73,2.3,2.73,3.31,3.56
4/30/2014,0.03,0.11,0.42,0.87,1.69,2.25,2.67,3.22,3.47
5/30/2014,0.04,0.1,0.37,0.79,1.54,2.06,2.48,3.05,3.33
6/30/2014,0.04,0.11,0.47,0.88,1.62,2.13,2.53,3.08,3.34
7/31/2014,0.03,0.12,0.53,1.02,1.76,2.24,2.58,3.07,3.32
8/29/2014,0.03,0.09,0.48,0.94,1.63,2.05,2.35,2.83,3.09
9/30/2014,0.02,0.13,0.58,1.07,1.78,2.22,2.52,2.98,3.21
10/31/2014,0.01,0.11,0.5,0.95,1.62,2.05,2.35,2.81,3.07
11/28/2014,0.02,0.13,0.47,0.88,1.49,1.89,2.18,2.62,2.89
12/31/2014,0.04,0.25,0.67,1.1,1.65,1.97,2.17,2.47,2.75
1/30/2015,0.02,0.18,0.47,0.77,1.18,1.49,1.68,2.04,2.25
2/27/2015,0.02,0.22,0.63,1.01,1.5,1.82,2,2.38,2.6
3/31/2015,0.03,0.26,0.56,0.89,1.37,1.71,1.94,2.31,2.54
4/30/2015,0.01,0.24,0.58,0.91,1.43,1.79,2.05,2.49,2.75
5/29/2015,0.01,0.26,0.61,0.94,1.49,1.86,2.12,2.63,2.88
6/30/2015,0.01,0.28,0.64,1.01,1.63,2.07,2.35,2.83,3.11
7/31/2015,0.08,0.33,0.67,1,1.54,1.93,2.2,2.61,2.92
8/31/2015,0.08,0.39,0.74,1.07,1.54,1.94,2.21,2.64,2.95
9/30/2015,0,0.33,0.64,0.92,1.37,1.75,2.06,2.51,2.87
10/30/2015,0.08,0.34,0.75,1.05,1.52,1.88,2.16,2.57,2.93
11/30/2015,0.22,0.51,0.94,1.24,1.65,1.99,2.21,2.63,2.98
12/31/2015,0.16,0.65,1.06,1.31,1.76,2.09,2.27,2.67,3.01
1/29/2016,0.33,0.47,0.76,0.97,1.33,1.67,1.94,2.36,2.75
2/29/2016,0.33,0.62,0.78,0.91,1.22,1.52,1.74,2.19,2.61
3/31/2016,0.21,0.59,0.73,0.87,1.21,1.54,1.78,2.2,2.61
4/29/2016,0.22,0.56,0.77,0.92,1.28,1.6,1.83,2.26,2.66
5/31/2016,0.34,0.68,0.87,1.03,1.37,1.66,1.84,2.23,2.64
6/30/2016,0.26,0.45,0.58,0.71,1.01,1.29,1.49,1.86,2.3
7/29/2016,0.28,0.5,0.67,0.76,1.03,1.29,1.46,1.78,2.18
8/31/2016,0.33,0.61,0.8,0.92,1.19,1.45,1.58,1.9,2.23
9/30/2016,0.29,0.59,0.77,0.88,1.14,1.42,1.6,1.99,2.32
10/31/2016,0.34,0.66,0.86,1,1.31,1.62,1.84,2.25,2.58
11/30/2016,0.48,0.8,1.11,1.4,1.83,2.18,2.37,2.73,3.02
12/30/2016,0.51,0.85,1.2,1.47,1.93,2.25,2.45,2.79,3.06
1/31/2017,0.52,0.84,1.19,1.46,1.9,2.24,2.45,2.78,3.05
2/28/2017,0.53,0.88,1.22,1.49,1.89,2.19,2.36,2.7,2.97
3/31/2017,0.76,1.03,1.27,1.5,1.93,2.22,2.4,2.76,3.02
4/28/2017,0.8,1.07,1.28,1.45,1.81,2.1,2.29,2.67,2.96
5/31/2017,0.98,1.17,1.28,1.44,1.75,2.02,2.21,2.6,2.87
6/30/2017,1.03,1.24,1.38,1.55,1.89,2.14,2.31,2.61,2.84
7/31/2017,1.07,1.23,1.34,1.51,1.84,2.11,2.3,2.66,2.89
8/31/2017,1.01,1.23,1.33,1.44,1.7,1.95,2.12,2.47,2.73
9/29/2017,1.06,1.31,1.47,1.62,1.92,2.16,2.33,2.63,2.86
10/31/2017,1.15,1.43,1.6,1.73,2.01,2.23,2.38,2.66,2.88
11/30/2017,1.27,1.62,1.78,1.9,2.14,2.31,2.42,2.65,2.83
12/29/2017,1.39,1.76,1.89,1.98,2.2,2.33,2.4,2.58,2.74
1/31/2018,1.46,1.9,2.14,2.29,2.52,2.66,2.72,2.83,2.95
2/28/2018,1.65,2.07,2.25,2.42,2.65,2.8,2.87,3.02,3.13
3/29/2018,1.73,2.09,2.27,2.39,2.56,2.68,2.74,2.85,2.97
4/30/2018,1.87,2.24,2.49,2.62,2.79,2.91,2.95,3.01,3.11
5/31/2018,1.93,2.23,2.4,2.54,2.68,2.78,2.83,2.91,3
6/29/2018,1.93,2.33,2.52,2.63,2.73,2.81,2.85,2.91,2.98
7/31/2018,2.03,2.44,2.67,2.77,2.85,2.92,2.96,3.03,3.08
8/31/2018,2.11,2.46,2.62,2.7,2.74,2.81,2.86,2.95,3.02
9/28/2018,2.19,2.59,2.81,2.88,2.94,3.01,3.05,3.13,3.19
10/31/2018,2.34,2.69,2.87,2.93,2.98,3.07,3.15,3.3,3.39
11/30/2018,2.37,2.7,2.8,2.83,2.84,2.92,3.01,3.19,3.3
12/31/2018,2.45,2.63,2.48,2.46,2.51,2.59,2.69,2.87,3.02
1/31/2019,2.41,2.55,2.45,2.43,2.43,2.51,2.63,2.83,2.99
2/28/2019,2.45,2.54,2.52,2.5,2.52,2.63,2.73,2.94,3.09
3/29/2019,2.4,2.4,2.27,2.21,2.23,2.31,2.41,2.63,2.81
4/30/2019,2.43,2.39,2.27,2.24,2.28,2.39,2.51,2.75,2.93
5/31/2019,2.35,2.21,1.95,1.9,1.93,2.03,2.14,2.39,2.58
6/28/2019,2.12,1.92,1.75,1.71,1.76,1.87,2,2.31,2.52
7/31/2019,2.08,2,1.89,1.84,1.84,1.92,2.02,2.31,2.53
8/30/2019,1.99,1.76,1.5,1.42,1.39,1.45,1.5,1.78,1.96
9/30/2019,1.88,1.75,1.63,1.56,1.55,1.62,1.68,1.94,2.12
10/31/2019,1.54,1.53,1.52,1.52,1.51,1.6,1.69,2,2.17
11/29/2019,1.59,1.6,1.61,1.61,1.62,1.73,1.78,2.07,2.21
12/31/2019,1.55,1.59,1.58,1.62,1.69,1.83,1.92,2.25,2.39
1/31/2020,1.55,1.45,1.33,1.3,1.32,1.42,1.51,1.83,1.99
2/28/2020,1.27,0.97,0.86,0.85,0.89,1.03,1.13,1.46,1.65
3/31/2020,0.11,0.17,0.23,0.29,0.37,0.55,0.7,1.15,1.35
4/30/2020,0.09,0.16,0.2,0.24,0.36,0.53,0.64,1.05,1.28
5/29/2020,0.14,0.17,0.16,0.19,0.3,0.5,0.65,1.18,1.41
6/30/2020,0.16,0.16,0.16,0.18,0.29,0.49,0.66,1.18,1.41
7/31/2020,0.09,0.11,0.11,0.11,0.21,0.39,0.55,0.98,1.2
8/31/2020,0.11,0.12,0.14,0.15,0.28,0.5,0.72,1.26,1.49
9/30/2020,0.1,0.12,0.13,0.16,0.28,0.47,0.69,1.23,1.46
10/30/2020,0.09,0.13,0.14,0.19,0.38,0.64,0.88,1.43,1.65
11/30/2020,0.08,0.11,0.16,0.19,0.36,0.62,0.84,1.37,1.58
12/31/2020,0.09,0.1,0.13,0.17,0.36,0.65,0.93,1.45,1.65
1/29/2021,0.06,0.1,0.11,0.19,0.45,0.79,1.11,1.68,1.87
2/26/2021,0.04,0.08,0.14,0.3,0.75,1.15,1.44,2.08,2.17
3/31/2021,0.03,0.07,0.16,0.35,0.92,1.4,1.74,2.31,2.41
4/30/2021,0.01,0.05,0.16,0.35,0.86,1.32,1.65,2.19,2.3
5/28/2021,0.01,0.05,0.14,0.3,0.79,1.24,1.58,2.18,2.26
6/30/2021,0.05,0.07,0.25,0.46,0.87,1.21,1.45,2,2.06
7/30/2021,0.06,0.07,0.19,0.35,0.69,1,1.24,1.81,1.89
8/31/2021,0.04,0.07,0.2,0.4,0.77,1.08,1.3,1.85,1.92
9/30/2021,0.04,0.09,0.28,0.53,0.98,1.32,1.52,2.02,2.08
10/29/2021,0.05,0.15,0.48,0.75,1.18,1.44,1.55,1.98,1.93
11/30/2021,0.05,0.24,0.52,0.81,1.14,1.36,1.43,1.85,1.78
12/31/2021,0.06,0.39,0.73,0.97,1.26,1.44,1.52,1.94,1.9
1/31/2022,0.22,0.78,1.18,1.39,1.62,1.75,1.79,2.17,2.11
2/28/2022,0.35,1.01,1.44,1.62,1.71,1.81,1.83,2.25,2.17
3/31/2022,0.52,1.63,2.28,2.45,2.42,2.4,2.32,2.59,2.44
4/29/2022,0.85,2.1,2.7,2.87,2.92,2.94,2.89,3.14,2.96
5/31/2022,1.16,2.08,2.53,2.71,2.81,2.87,2.85,3.28,3.07
6/30/2022,1.72,2.8,2.92,2.99,3.01,3.04,2.98,3.38,3.14
7/29/2022,2.41,2.98,2.89,2.83,2.7,2.7,2.67,3.2,3
8/31/2022,2.96,3.5,3.45,3.46,3.3,3.25,3.15,3.53,3.27
